1 0 0 0 0 1 0 0 0 0 1 0
0.999997735 -0.0015870377 -0.00142695277 -0.00394530501 0.00158568984 0.999998271 -0.000945276173 -0.00801465288 0.00142845057 0.000943011313 0.99999851 0.559290349
0.999995351 -0.00183782796 -0.00244012196 -0.00650732126 0.00183162908 0.999995112 -0.00254021259 -0.0179488994 0.00244477834 0.0025357313 0.999993801 1.11232388
0.999988019 -0.00239407178 -0.00426341547 -0.0160409026 0.00237954385 0.999991357 -0.00340938801 -0.0372550003 0.00427154079 0.00339920237 0.999985099 1.67631006
0.999971449 -0.00411403086 -0.00634265505 -0.0177533869 0.00407860335 0.999976039 -0.00558845559 -0.0407667644 0.00636549434 0.00556242699 0.999964297 2.25009108
0.999942899 -0.00686995685 -0.00818192679 -0.0139123807 0.00680973148 0.999949694 -0.00736605143 -0.058008913 0.00823211949 0.00730991457 0.999939382 2.82164669
0.999922991 -0.00804783404 -0.0094454214 -0.0262871776 0.00797121413 0.999935269 -0.00812165253 -0.0678515583 0.00951017067 0.00804573484 0.999922395 3.39235282
0.999904752 -0.00844087545 -0.0109191006 -0.0348656178 0.0083611114 0.99993819 -0.00733018341 -0.0818706155 0.0109802987 0.00723818969 0.999913514 3.96179175
0.999891281 -0.00880815182 -0.0118255978 -0.0472777039 0.00871654507 0.999931753 -0.00777575653 -0.0964218825 0.0118932808 0.00767183257 0.999899864 4.54812813
0.999882936 -0.0082024876 -0.0129163768 -0.0617908873 0.00806709472 0.999912322 -0.0104997326 -0.111756466 0.0130013684 0.0103943059 0.999861479 5.14304113
0.999873877 -0.00627859263 -0.0145884706 -0.0681393296 0.00606976449 0.999879122 -0.0143150324 -0.129147992 0.0146765858 0.0142246783 0.999791086 5.75205708
0.999857247 -0.00515726209 -0.0160896033 -0.0806288123 0.00486745499 0.999826133 -0.017999541 -0.141977295 0.0161796343 0.0179186556 0.999708533 6.36496401
0.999846399 -0.003261765 -0.0172202867 -0.0943633467 0.00295063644 0.999832511 -0.018062152 -0.155069724 0.0172763169 0.0180085674 0.999688566 6.99353313
0.999831438 -0.000771425897 -0.0183445271 -0.111740083 0.000562958827 0.999935269 -0.0113664409 -0.162547201 0.0183521081 0.0113541977 0.999767125 7.63492298
0.999825418 0.000446278806 -0.018679563 -0.140709236 -0.000463936856 0.999999464 -0.000940990751 -0.178683519 0.0186791327 0.00094949262 0.99982506 8.3062706
0.999800324 0.00117679127 -0.0199475028 -0.149082363 -0.00106082915 0.999982476 0.00582295051 -0.191445008 0.0199540053 -0.00580062717 0.999784052 8.98927498
0.999764681 0.00394444633 -0.0213315208 -0.167492941 -0.00384298409 0.999981105 0.0047953357 -0.206959262 0.0213500317 -0.00471223053 0.999760985 9.67759991
0.999748886 0.00520688295 -0.0217964761 -0.19257164 -0.00525502907 0.999983847 -0.00215219217 -0.213696748 0.0217849184 0.00226619281 0.999760091 10.3502026
0.999718785 0.00522320671 -0.0231317058 -0.215825379 -0.00541324168 0.999952078 -0.00816036388 -0.216592789 0.0230879746 0.00828328636 0.999699116 11.0662518
0.999708891 0.00266427966 -0.023979485 -0.240220517 -0.00282486295 0.999973774 -0.00666530617 -0.218646169 0.0239610989 0.00673110457 0.999690235 11.8003263
0.999704957 0.00163017539 -0.0242340956 -0.26242128 -0.00156352972 0.999994934 0.00276877289 -0.228574753 0.0242384877 -0.00273006526 0.999702454 12.562746
0.999692619 0.00125372107 -0.0247600172 -0.285959482 -0.00100594771 0.999949336 0.0100169182 -0.231115445 0.0247713197 -0.00998893194 0.999643266 13.3523493
0.999679565 0.00045788326 -0.0253103189 -0.308092803 -0.000136112954 0.999919176 0.0127132693 -0.239209712 0.0253140945 -0.0127057498 0.999598801 14.1440239
0.999677598 -0.00116496009 -0.0253635067 -0.335025728 0.00146196003 0.999930561 0.0116943447 -0.239415511 0.0253481213 -0.0117276553 0.999609888 14.9458399
0.999700546 -0.00123430404 -0.024439482 -0.363621533 0.00145774276 0.999957263 0.00912682526 -0.238084152 0.0244271737 -0.00915971864 0.999659657 15.7701702
0.999705255 0.00111188635 -0.0242528971 -0.386938065 -0.00097239489 0.999982953 0.0057625724 -0.238233909 0.0242588911 -0.00573729025 0.999689221 16.6159153
0.999725759 -0.00205745152 -0.0233276393 -0.409410417 0.00206779945 0.999997795 0.000419477088 -0.24737592 0.0233267248 -0.000467598933 0.999727786 17.4732914
0.99973011 -0.00513416436 -0.0226575155 -0.423223853 0.00499967439 0.999969542 -0.00598845538 -0.255381763 0.0226875711 0.00587355904 0.999725342 18.3359604
0.999759674 -0.00418506796 -0.0215192325 -0.441814393 0.00394175248 0.999927938 -0.0113369012 -0.26589483 0.0215651281 0.0112493532 0.999704182 19.2322617
0.999771416 -0.00274569285 -0.0212040115 -0.47207436 0.00248389738 0.999920487 -0.0123629989 -0.280360162 0.0212362707 0.0123075033 0.999698699 20.1470089
0.999759316 -0.00268457504 -0.0217734165 -0.493202925 0.00243202341 0.999929547 -0.011617275 -0.300482213 0.0218030699 0.0115615251 0.99969542 21.0792065
0.999761224 -0.00127195311 -0.021813428 -0.515227973 0.000988549204 0.999915004 -0.0129980408 -0.325962335 0.0218281075 0.0129733738 0.999677539 22.0074215
0.999757648 0.00151291117 -0.0219639298 -0.538870811 -0.00184777798 0.999882221 -0.0152339377 -0.345784366 0.021938296 0.0152708301 0.99964267 22.9639435
0.999743223 0.00486876769 -0.0221312214 -0.571344852 -0.00522243604 0.999859154 -0.0159509219 -0.368238539 0.0220504422 0.016062405 0.999627829 23.9295158
0.999731839 0.00711368769 -0.0220372062 -0.603378177 -0.00746762613 0.999843776 -0.0160204992 -0.394712985 0.0219197981 0.0161807705 0.999628782 24.9102821
0.999715686 0.00757898064 -0.0226085968 -0.629295886 -0.00794853922 0.999835551 -0.016301129 -0.423960447 0.0224813335 0.016476199 0.999611497 25.8962269
0.999724805 0.00790557452 -0.0220873505 -0.666526675 -0.00826692022 0.99983269 -0.0163167324 -0.45005089 0.0219546612 0.0164948348 0.999622881 26.8928127
0.999695778 0.00930029806 -0.0228433795 -0.694435894 -0.0096488297 0.999837995 -0.015194878 -0.481195033 0.0226983614 0.0154106673 0.999623597 27.8964958
0.999678433 0.0100640943 -0.0232748985 -0.715913832 -0.0103638591 0.999864459 -0.0127947526 -0.513557017 0.0231429748 0.0130318562 0.9996472 28.9097767
0.999671698 0.0101725543 -0.023515394 -0.742281139 -0.0104442434 0.999879777 -0.0114598777 -0.543151021 0.023395991 0.0117017161 0.99965781 29.9230251
0.999663889 0.010145694 -0.023856692 -0.768822849 -0.0104426593 0.999869108 -0.0123564079 -0.573878288 0.0237282068 0.0126013821 0.999639034 30.9465828
0.999640405 0.0113819996 -0.0242799968 -0.79148674 -0.0117070191 0.99984318 -0.0132864136 -0.600353718 0.0241249632 0.0135658821 0.999616921 31.9996281
0.999648154 0.0108391345 -0.0242099818 -0.832472503 -0.0111473026 0.999858081 -0.0126304589 -0.624888539 0.0240696426 0.0128958905 0.999627113 33.0415306
0.999633193 0.0102646947 -0.0250629801 -0.858471274 -0.0105318809 0.999888837 -0.0105519844 -0.646239102 0.0249518808 0.0108120739 0.999630153 34.0736389
0.99962008 0.0109610483 -0.0252889581 -0.89095515 -0.0111302612 0.999916553 -0.00656015938 -0.670961916 0.0252149422 0.00683913985 0.999658644 35.1333618
0.999597609 0.0109153688 -0.0261809099 -0.919516563 -0.0110265948 0.999930739 -0.00410774769 -0.698072135 0.0261342581 0.00439478131 0.999648809 36.204628
0.99959147 0.0102007613 -0.0266992711 -0.949359775 -0.0103077283 0.999939382 -0.00387182808 -0.71427995 0.0266581569 0.00414545508 0.999635994 37.2773094
0.999589503 0.00987110846 -0.0268954262 -0.983811677 -0.0100169815 0.999935806 -0.00529440399 -0.733574212 0.0268414393 0.00556164142 0.999624252 38.3499603
0.999541223 0.0102818981 -0.0284900758 -0.999962151 -0.0104556503 0.99992758 -0.00595644116 -0.746039808 0.0284267701 0.00625159079 0.99957633 39.4424477
0.999540567 0.00994812325 -0.0286297668 -1.04607415 -0.0100891059 0.999937654 -0.00478407787 -0.76661545 0.0285803899 0.00507072872 0.999578655 40.5256538
0.999509871 0.00996656809 -0.0296753459 -1.08992958 -0.0100653376 0.99994427 -0.00318081235 -0.782087982 0.0296419915 0.00347794592 0.999554515 41.6147385
0.999503195 0.011158376 -0.0294755436 -1.14116228 -0.0111734532 0.999937534 -0.000346858957 -0.808062553 0.0294698309 0.000676030235 0.999565423 42.6729164
0.999463499 0.0124180475 -0.0303062331 -1.17409527 -0.0124319568 0.999922693 -0.000270574819 -0.833897531 0.0303005297 0.00064719544 0.999540627 43.7617302
0.999428868 0.0136954961 -0.0308924448 -1.2164259 -0.0138274273 0.999896169 -0.00406108052 -0.856228232 0.0308336187 0.0044859238 0.999514461 44.8422203
0.999414921 0.0153257716 -0.0305762738 -1.26612926 -0.0155839603 0.99984473 -0.00822372362 -0.873087227 0.0304454919 0.00869541243 0.999498606 45.92836
0.999404728 0.0160931796 -0.0305150058 -1.31922996 -0.0163584109 0.999830365 -0.00846219622 -0.897696018 0.0303736459 0.00895633642 0.999498487 47.0265579
0.999414802 0.0159452222 -0.0302614123 -1.33885527 -0.0161198936 0.999854743 -0.00553689525 -0.928771675 0.0301687289 0.00602146564 0.99952668 48.0948753
0.999407232 0.0165187139 -0.0302053764 -1.3802886 -0.016638156 0.999854684 -0.0037072585 -0.951199889 0.0301397499 0.00420762273 0.999536812 49.1814995
0.999424875 0.015179974 -0.030322874 -1.41104066 -0.0152582154 0.99988085 -0.00235054037 -0.976774216 0.0302835796 0.00281186146 0.999537408 50.2678185
0.99944365 0.0143948793 -0.0300865434 -1.44582844 -0.0145081654 0.99988842 -0.00355044031 -0.991750598 0.0300320797 0.00398496538 0.999540985 51.34729
0.999476671 0.012869847 -0.0296776313 -1.48409045 -0.0130287493 0.999901772 -0.00516710384 -1.01392055 0.0296082161 0.00555106206 0.99954617 52.4320679
0.999466002 0.0136376526 -0.0296946447 -1.51997876 -0.0138597256 0.999877393 -0.00728560425 -1.04443419 0.029591646 0.00769327302 0.999532461 53.5318451
0.999489069 0.0125956573 -0.0293764155 -1.55200195 -0.012879733 0.99987191 -0.009501094 -1.07109499 0.0292529799 0.00987459999 0.999523282 54.6055641
0.999514699 0.0112876045 -0.0290344004 -1.58883893 -0.01166429 0.999849558 -0.0128372982 -1.10264647 0.0288851298 0.0131697338 0.999495983 55.6935234
0.999531567 0.00990085676 -0.0289599169 -1.61982799 -0.0103236558 0.99984175 -0.0144865699 -1.13927507 0.0288119055 0.0147787556 0.999475598 56.7806931
0.999559641 0.00820073765 -0.0285170954 -1.66211224 -0.0085467482 0.999891102 -0.0120327817 -1.17137849 0.0284153111 0.0122712115 0.999520898 57.8730774
0.999585807 0.00669201929 -0.0279895794 -1.70294178 -0.00686479127 0.999957919 -0.00608120672 -1.19636047 0.0279477071 0.00627083099 0.999589741 58.9617424
0.999580443 0.00538263423 -0.0284608323 -1.7146492 -0.00539438194 0.999985397 -0.000335989578 -1.22111881 0.0284586083 0.000489377184 0.999594867 60.0469131
0.999605119 0.00338553567 -0.0278955922 -1.75365448 -0.00337713165 0.999994218 0.000348375965 -1.23988867 0.027896611 -0.000254031329 0.999610782 61.1426201
0.999615312 -8.58198546e-05 -0.0277338512 -1.78297865 1.32822761e-05 0.999996603 -0.00261566252 -1.25658345 0.0277339816 0.00261428789 0.999611914 62.2327919
0.999614835 -0.00143477391 -0.0277152341 -1.81757689 0.00127600017 0.999982655 -0.0057455888 -1.27775991 0.0277229976 0.00570801133 0.999599338 63.3244171
0.999631464 0.00148723647 -0.027105106 -1.87508631 -0.00174872752 0.999952137 -0.0096261492 -1.31426358 0.0270894933 0.00967000052 0.999586225 64.4293747
0.999633431 0.00159372564 -0.0270280689 -1.90665221 -0.00197283225 0.999899983 -0.0140055418 -1.33738875 0.0270030443 0.0140537294 0.999536574 65.5174408
0.999630332 0.00525074266 -0.0266766082 -1.93792582 -0.00564299757 0.999876738 -0.0146501362 -1.36685443 0.0265963972 0.0147952558 0.999536753 66.6126938
0.999642074 0.00888665486 -0.0252336916 -1.99520504 -0.00917565916 0.999893367 -0.0113605149 -1.39597714 0.0251300428 0.0115879849 0.99961704 67.7322998
0.999634683 0.00966397766 -0.0252406616 -2.02456379 -0.00988669321 0.999913156 -0.00871384609 -1.42665243 0.0251542591 0.00896020979 0.999643445 68.8224106
0.999640048 0.00870877132 -0.0253755804 -2.05326247 -0.00891803671 0.999927044 -0.00814527832 -1.45017898 0.0253027938 0.00836864673 0.999644816 69.9171982
0.999654233 0.00747251743 -0.0252112318 -2.09290218 -0.00765581615 0.999944925 -0.00718185678 -1.47889984 0.0251561757 0.00737238582 0.99965632 71.0198059
0.999657393 0.0064858715 -0.0253572837 -2.12658238 -0.00663217995 0.999961793 -0.00569003168 -1.50700593 0.0253194105 0.005856256 0.99966228 72.1076965
0.999648094 0.00530919386 -0.025990257 -2.14848185 -0.00540662883 0.999978602 -0.00368007622 -1.53495097 0.0259701628 0.00381930079 0.999655426 73.2200394
0.999628007 0.00424066791 -0.0269426834 -2.17697573 -0.00430253753 0.999988258 -0.00223878026 -1.55711758 0.0269328728 0.00235386915 0.999634445 74.3096313
0.999625623 0.00360311102 -0.0271231104 -2.22168565 -0.00369673292 0.999987364 -0.00340238586 -1.5805192 0.0271105077 0.00350137893 0.999626338 75.4185791
0.999602258 0.00334542501 -0.0280023292 -2.25278282 -0.00355268316 0.999966621 -0.00735499337 -1.6046021 0.0279767886 0.0074515515 0.999580801 76.4993744
0.999577105 0.00401178095 -0.0288013164 -2.28710508 -0.00428011362 0.999947965 -0.0092610931 -1.63402665 0.0287626646 0.00938044954 0.999542236 77.5763931
0.999558628 0.00547279464 -0.0292002261 -2.32569408 -0.00569131924 0.999956369 -0.00740580307 -1.6632899 0.0291584227 0.00756872213 0.99954617 78.6618805
0.999541163 0.0068738088 -0.0294987969 -2.37291265 -0.00697362004 0.999970317 -0.00328203361 -1.68671286 0.0294753611 0.00348624098 0.999559402 79.7413788
0.999503851 0.00843578484 -0.0303455535 -2.41033959 -0.00842215121 0.999964356 0.000577058468 -1.71043444 0.0303493403 -0.000321197353 0.999539316 80.8083572
0.999481499 0.00958752353 -0.0307374299 -2.45295215 -0.00955301151 0.999953568 0.00126946741 -1.73410714 0.0307481736 -0.000975174131 0.99952668 81.8890686
0.999471486 0.0088105984 -0.0312908664 -2.48965716 -0.00882846024 0.999960959 -0.000432689907 -1.75861895 0.0312858298 0.000708711334 0.999510229 82.9628677
0.999453247 0.00865880027 -0.0319092758 -2.52988648 -0.00870317873 0.999961317 -0.00125215377 -1.77829945 0.0318972021 0.00152918138 0.999489963 84.0304565
0.999457061 0.00823075231 -0.0319031551 -2.58148718 -0.0082779862 0.999964833 -0.00134873681 -1.8017683 0.0318909325 0.00161209842 0.999490082 85.0788345
0.999414802 0.00655973935 -0.0335706286 -2.60101843 -0.00660148077 0.999977589 -0.00113270106 -1.82158411 0.0335624442 0.00135365408 0.999435723 86.1328888
0.999407828 0.0051987567 -0.0340146273 -2.6392355 -0.00519822817 0.99998647 0.000103963815 -1.84021199 0.0340147056 7.29135209e-05 0.999421358 87.1381454
0.999385536 0.00527552003 -0.0346506797 -2.68057775 -0.00518106716 0.999982595 0.00281508523 -1.86144829 0.0346649289 -0.00263382797 0.999395549 88.1403809
0.999360919 0.00446160417 -0.0354667492 -2.72223425 -0.00433295034 0.999983728 0.00370348361 -1.87803471 0.0354826972 -0.00354744098 0.999364018 89.1277237
0.999293506 0.00300645712 -0.037463367 -2.76128435 -0.00286340364 0.999988377 0.00387156405 -1.89634943 0.0374745727 -0.003761556 0.999290526 90.0725708
0.999176681 0.00251268782 -0.040491879 -2.81006312 -0.002388319 0.999992311 0.00311952829 -1.91920555 0.0404994041 -0.00302025257 0.999175012 91.0053253
0.999020159 0.00267321151 -0.0441768952 -2.85164571 -0.00257685059 0.999994159 0.00223805243 -1.93660533 0.0441826209 -0.00212202221 0.999021232 91.9424591
0.998882592 0.00225790055 -0.0472069904 -2.89849138 -0.00213038502 0.99999392 0.0027513376 -1.95520771 0.0472129174 -0.0026476942 0.99888134 92.8373413
0.998714268 0.003273512 -0.0505870953 -2.94887924 -0.00309161912 0.999988496 0.00367347011 -1.97390497 0.0505985357 -0.00351235108 0.998712897 93.6932449
0.998562813 0.00355945528 -0.0534759536 -3.00532532 -0.00329350424 0.999981761 0.00506058428 -1.99536884 0.0534929931 -0.00487718824 0.998556316 94.5402756
0.998367846 0.00460882811 -0.05692406 -3.04965448 -0.00424598111 0.9999699 0.00649353676 -2.00850248 0.0569522753 -0.00624124007 0.998357415 95.3617249
0.998235166 0.00636634324 -0.0590426102 -3.11471248 -0.00596048869 0.999957383 0.00704750046 -2.02056932 0.0590849631 -0.00668314006 0.998230577 96.1556396
0.998061359 0.00811780617 -0.0617062114 -3.16781902 -0.00764575135 0.99993968 0.0078823166 -2.03681517 0.0617664792 -0.0073952456 0.998063207 96.9228592
0.997865617 0.00981209427 -0.0645595565 -3.21946168 -0.00939559005 0.999933064 0.00675192289 -2.05379772 0.0646214858 -0.00613093656 0.997891009 97.6551743
0.997667193 0.0110973334 -0.0673575103 -3.26832867 -0.0109064672 0.999935389 0.00320070912 -2.07056379 0.0673886761 -0.00245860987 0.997723758 98.3396301
0.997468829 0.0139314104 -0.0697272196 -3.33175111 -0.0139906965 0.99990207 -0.000361954764 -2.08640051 0.0697153434 0.00133657095 0.997566044 99.0107193
0.997306585 0.0153999357 -0.071710296 -3.3911159 -0.0156482588 0.99987334 -0.00290231779 -2.10531783 0.0716565251 0.00401664199 0.997421265 99.6585464
0.997230768 0.0173645262 -0.072313793 -3.44843245 -0.0176800005 0.999836743 -0.0037247343 -2.12267685 0.0722373128 0.00499292742 0.997374952 100.283127
0.997221887 0.0197090935 -0.0718334839 -3.48977923 -0.0200100038 0.999793768 -0.00347171957 -2.13423944 0.0717502385 0.00489946315 0.997410595 100.865105
0.997358024 0.0238215439 -0.0686258674 -3.53501868 -0.0240115616 0.999709785 -0.00194523577 -2.15107512 0.0685596168 0.00358791067 0.99764055 101.440018
0.997663617 0.0262887571 -0.0630568489 -3.57464194 -0.0263741091 0.999652028 -0.000521470618 -2.16515017 0.0630211979 0.0021833207 0.998009801 101.985451
0.998099506 0.0272757951 -0.0552575663 -3.61126471 -0.0272233002 0.999627948 0.00170263113 -2.18091059 0.0552834496 -0.000195101922 0.998470664 102.504417
0.998570263 0.0270594768 -0.0461004302 -3.62042022 -0.0269012079 0.999629915 0.0040501859 -2.19473743 0.0461929664 -0.00280423812 0.998928607 103.011818
0.999049842 0.0268006045 -0.0343673564 -3.62500381 -0.0266292673 0.99963063 0.00543361623 -2.20742965 0.034500286 -0.00451327581 0.999394476 103.492027
0.999444962 0.0258485973 -0.0210137926 -3.63035321 -0.025739409 0.999653816 0.00545009598 -2.21622181 0.0211473946 -0.00490618823 0.999764323 103.948044
0.999650121 0.0257222317 -0.00616678922 -3.62169528 -0.025694998 0.999659896 0.00445549516 -2.2251749 0.00627929717 -0.0042954809 0.999971032 104.384377
0.999630332 0.0243874043 0.0120213721 -3.60767293 -0.0244090557 0.999700665 0.00165763916 -2.2381134 -0.0119773485 -0.00195045664 0.999926388 104.811211
0.999155164 0.0240079071 0.0333545431 -3.57982731 -0.0239212867 0.999709368 -0.0029936491 -2.25024843 -0.0334167182 0.00219323649 0.99943912 105.228363
0.998106241 0.0218236838 0.0575120188 -3.53101873 -0.0214234013 0.999741852 -0.00756743224 -2.26430321 -0.0576623194 0.00632099854 0.998316109 105.638496
0.99621892 0.0196270123 0.0846327394 -3.47240186 -0.0188074335 0.999768317 -0.0104704639 -2.27239132 -0.0848186389 0.00883914903 0.996357203 106.044197
0.993244052 0.0167811271 0.114824653 -3.40472007 -0.0155456178 0.999811351 -0.0116470512 -2.2845552 -0.114998437 0.00978334341 0.993317485 106.438644
0.989001632 0.0146477176 0.147177666 -3.31701612 -0.0127881337 0.999826074 -0.0135732917 -2.2978034 -0.147350892 0.0115418797 0.98901695 106.817688
0.983086705 0.0112076644 0.182797506 -3.22612524 -0.00867124368 0.999854803 -0.014668975 -2.3183105 -0.182935372 0.0128357923 0.983041167 107.181633
0.97515136 0.00813057739 0.221390411 -3.12979221 -0.00487354444 0.99987179 -0.0152540123 -2.32808781 -0.221486047 0.0137960147 0.975065947 107.531822
0.965155959 0.0060426984 0.26160565 -3.00413513 -0.00194174575 0.999871194 -0.0159317385 -2.34353876 -0.261668205 0.0148686413 0.965043366 107.884338
0.95287478 0.00692738127 0.303284794 -2.86472964 -0.00188775174 0.99985528 -0.0169068407 -2.35967422 -0.303358018 0.0155375767 0.952749968 108.223953
0.937609255 0.00909183268 0.347571909 -2.72536135 -0.00325730792 0.999843895 -0.0173671432 -2.37182975 -0.347675532 0.0151514458 0.93749249 108.539856
0.919920683 0.00894193538 0.392002493 -2.55818224 -0.00287400419 0.999866843 -0.0160633903 -2.38379622 -0.392093927 0.0136504285 0.919823885 108.851959
0.899539232 0.00791253056 0.436768293 -2.37209368 -0.0015460382 0.999887347 -0.0149299251 -2.39441967 -0.436837226 0.0127547933 0.899450123 109.16777
0.876556516 0.00702492055 0.481247723 -2.17460775 0.000615415105 0.99987632 -0.0157164335 -2.40254188 -0.481298625 0.0140725086 0.876443744 109.449066
0.85080409 0.00836705975 0.525416434 -1.96823788 0.00110988645 0.999842405 -0.0177193489 -2.41753769 -0.52548188 0.0156588461 0.850660682 109.740089
0.82321763 0.0103471288 0.567631662 -1.74324989 0.00205698959 0.999772966 -0.0212076455 -2.43249273 -0.567722261 0.0186261199 0.823009431 110.007179
0.792543828 0.014285529 0.609647632 -1.49084949 0.00137972424 0.999680996 -0.0252186079 -2.45152426 -0.609813392 0.0208279975 0.792271256 110.297218
0.758534968 0.0208117496 0.651299894 -1.23843765 -0.00198443374 0.999558985 -0.0296289138 -2.46081972 -0.651629329 0.0211821049 0.758241773 110.536156
0.720837116 0.025524376 0.692634344 -0.968593597 -0.00410276931 0.999461293 -0.032561481 -2.46924448 -0.693092346 0.0206298064 0.720553577 110.786987
0.681694269 0.0258565154 0.731180131 -0.674789429 -0.00217201537 0.999442458 -0.0333179869 -2.48423696 -0.731633961 0.0211245455 0.681370318 111.002869
0.640871048 0.0229251217 0.767306209 -0.357301712 0.00242767786 0.999488473 -0.0318897776 -2.496629 -0.767644763 0.0223000068 0.640487492 111.208801
0.59679997 0.0207758229 0.802121103 -0.0292854309 0.00468113879 0.999557555 -0.0293725412 -2.5018692 -0.802376449 0.0212843698 0.596438646 111.409004
0.55044955 0.0196133759 0.834638059 0.308265686 0.00399924954 0.999650598 -0.0261285827 -2.52588034 -0.834858894 0.017720392 0.550178766 111.586632
0.502747476 0.0178328007 0.864249408 0.654323578 0.00470459787 0.999715924 -0.0233647395 -2.53128219 -0.864420593 0.0158125106 0.5025208 111.737129
0.451910853 0.0139917182 0.891953409 1.01756668 0.00750878733 0.999781907 -0.01948753 -2.54794812 -0.89203155 0.0155041143 0.451707184 111.865967
0.39996928 0.0137156462 0.916425884 1.39056015 0.00546598388 0.999834538 -0.0173495766 -2.56494808 -0.916512251 0.0119484663 0.399828136 111.999466
0.349075973 0.0189986099 0.936901867 1.78138733 0.00124225451 0.999784231 -0.0207365919 -2.57626534 -0.937093616 0.00840251707 0.348977029 112.111115
0.29936254 0.0240908861 0.953835309 2.2038269 0.00173904048 0.999665737 -0.0257942211 -2.58016491 -0.954137921 0.00938058272 0.299220562 112.204681
0.252941012 0.0261416342 0.967128515 2.58511353 0.0034037726 0.999604642 -0.0279096868 -2.59212899 -0.967475772 0.0103513906 0.252752006 112.268951
0.211041749 0.0266386569 0.977114022 3.03606415 0.0100784516 0.999516129 -0.029426191 -2.60227132 -0.977425098 0.0160579514 0.210671127 112.33268
0.176093638 0.0262456927 0.984023511 3.4624176 0.0184834618 0.999380112 -0.0299629457 -2.6169827 -0.984199882 0.023464445 0.17549938 112.369171
0.145686865 0.0274995547 0.988948524 3.92072296 0.0227620695 0.999255836 -0.0311393607 -2.63275003 -0.989068866 0.0270471089 0.144952476 112.406517
0.117564619 0.0258610658 0.992728531 4.39598846 0.0210421495 0.999371529 -0.0285260584 -2.6473968 -0.992842376 0.0242427979 0.116946578 112.451164
0.0913776755 0.022876054 0.995553493 4.89421844 0.013493713 0.999615848 -0.024207931 -2.66160965 -0.995724857 0.0156457778 0.0910338759 112.509659
0.067435503 0.0186866522 0.99754864 5.41149902 0.00926478673 0.999769747 -0.0193545707 -2.67519093 -0.997680664 0.0105472617 0.0672468543 112.538681
0.0452010632 0.0161953978 0.99884665 5.94786072 0.0124496771 0.999781787 -0.0167739484 -2.70330644 -0.998900354 0.0131935179 0.0449895263 112.541054
0.0239973664 0.017086219 0.999566019 6.48085785 0.0191030875 0.999663532 -0.0175465103 -2.72875428 -0.999529541 0.0195158683 0.0236629248 112.534515
0.00662821531 0.0195752904 0.999786437 7.02983093 0.0241085216 0.999514639 -0.0197298005 -2.74631548 -0.999687374 0.0242341459 0.00615310669 112.514854
-0.00758504868 0.0246493537 0.999667406 7.63625336 0.0245541837 0.999399304 -0.0244564377 -2.76067281 -0.99966979 0.0243605133 -0.00818574429 112.510559
-0.0182975531 0.0292608645 0.999404371 8.2352066 0.0233612303 0.999311268 -0.0288304314 -2.77056122 -0.999559641 0.0228197891 -0.0189685822 112.497398
-0.0251200199 0.0293036476 0.999254882 8.88005829 0.0242004842 0.999295175 -0.0286964606 -2.78506947 -0.999391496 0.0234615952 -0.0258114338 112.487633
-0.028537035 0.0265723038 0.999239504 9.5390625 0.0298702065 0.999222875 -0.0257188026 -2.80050159 -0.999146342 0.0291135497 -0.0293086767 112.46907
-0.0278651714 0.0245630741 0.999309897 10.1847534 0.0318424962 0.999212503 -0.0236727726 -2.82509661 -0.99910444 0.0311608762 -0.0286253691 112.442184
-0.0263357162 0.0242250804 0.999359608 10.8595581 0.0297204573 0.999283373 -0.023440022 -2.8500762 -0.999211311 0.0290841125 -0.0270367861 112.440247
-0.0247889757 0.0244844258 0.999392807 11.5552826 0.0260377675 0.999376714 -0.0238381866 -2.87629604 -0.999353528 0.0254310332 -0.0254110098 112.431183
-0.023198843 0.0256924853 0.999400675 12.2520676 0.0247137435 0.999378979 -0.0251182523 -2.89615083 -0.999425352 0.0241162162 -0.0238194466 112.405251
-0.0224912167 0.0264305621 0.999397576 12.9750748 0.0240740441 0.999374926 -0.0258881804 -2.92382073 -0.999457121 0.0234772842 -0.0231134892 112.397942
-0.0217862129 0.025716817 0.999431849 13.7254028 0.0235949252 0.999403894 -0.0252017621 -2.95498514 -0.999484181 0.0230324697 -0.0223799944 112.390923
-0.0210478306 0.0244931336 0.999478519 14.4782028 0.0225149114 0.999457955 -0.0240184963 -2.97896242 -0.99952507 0.0219976306 -0.0215879679 112.377731
-0.0203069448 0.0235259067 0.999517083 15.251976 0.0232230071 0.999464512 -0.0230528582 -3.00472713 -0.999524176 0.022743661 -0.020842433 112.353577
-0.0208454132 0.0212005563 0.999557853 16.0468292 0.0242166817 0.999492526 -0.0206941366 -3.03131533 -0.999489367 0.0237745941 -0.0213483572 112.340019
-0.0219787359 0.0191284735 0.999575377 16.8296585 0.0214964766 0.999594867 -0.0186561793 -3.06172705 -0.999527276 0.0210773107 -0.0223810673 112.326065
-0.0232044458 0.0184546523 0.999560475 17.6322098 0.0208890699 0.999620259 -0.0179708283 -3.08268929 -0.999512553 0.0204628874 -0.0235811472 112.312057
-0.024451375 0.0154198296 0.999582112 18.4360199 0.0231427066 0.999621809 -0.0148543315 -3.11097288 -0.99943316 0.0227698255 -0.0247989893 112.29129
-0.0257911682 0.014238596 0.999565959 19.2472839 0.0252488479 0.999588847 -0.0135874422 -3.12691259 -0.999348462 0.0248874519 -0.0261400938 112.271492
-0.0278255939 0.0131379068 0.999526441 20.0797348 0.0214321613 0.999691606 -0.0125434315 -3.15996742 -0.999382973 0.0210729837 -0.0280985832 112.261971
-0.0283093452 0.0181823261 0.999433815 20.8975754 0.0186400115 0.999670327 -0.0176586416 -3.17697954 -0.999425411 0.0181295536 -0.0286389589 112.236725
-0.0286996365 0.0225392226 0.999333978 21.7311172 0.0206772294 0.999545217 -0.0219501629 -3.20586944 -0.999374211 0.0200334936 -0.0291526318 112.2099
-0.0300667286 0.0242989864 0.999252558 22.5726776 0.0208920483 0.999501348 -0.023676414 -3.22938395 -0.999329567 0.0201645587 -0.0305594206 112.19313
-0.0320789814 0.0220861807 0.999241292 23.4231033 0.017050866 0.999622405 -0.0215472151 -3.26137686 -0.999339879 0.0163467173 -0.0324434042 112.180794
-0.0332446098 0.0175910536 0.999292433 24.2549438 0.0140653951 0.99975431 -0.0171312541 -3.29512501 -0.999348283 0.0134859215 -0.0334838629 112.159241
-0.0336902142 0.0123803494 0.999355674 25.1086655 0.0124246022 0.999851167 -0.0119676311 -3.32200885 -0.999355078 0.0120134046 -0.0338389874 112.138069
-0.0340447426 0.00652804878 0.999398947 25.9506226 0.00845773425 0.999944746 -0.00624349853 -3.34839201 -0.999384463 0.00824009255 -0.0340980291 112.119499
-0.0337429047 0.00494493917 0.999418318 26.8045807 0.00579731725 0.999971926 -0.00475194678 -3.37843251 -0.999413729 0.00563360099 -0.0337705612 112.100647
-0.0321774483 0.0118608726 0.999411821 27.6281052 0.00909170415 0.999891698 -0.0115738483 -3.4022069 -0.999440849 0.00871394016 -0.0322817564 112.059196
-0.0311467648 0.0229626894 0.999251008 28.4628601 0.011153142 0.99968183 -0.0226249453 -3.42844653 -0.999452591 0.0104400935 -0.0313929319 112.035515
-0.0303424597 0.0284102671 0.999135852 29.3047104 0.0130786337 0.999521673 -0.0280240625 -3.45032167 -0.999454141 0.0122170169 -0.0306994915 112.011017
-0.0288412571 0.0228259824 0.999323308 30.1368027 0.0148321418 0.999638915 -0.0224051233 -3.48186421 -0.999473929 0.0141759142 -0.0291694403 111.985382
-0.027810812 0.0147051625 0.999505222 30.9700623 0.0184511431 0.999728978 -0.0141950632 -3.51783729 -0.999443054 0.0180472359 -0.0280746222 111.959976
-0.0271093845 0.0119840112 0.999560595 31.7845764 0.0193157811 0.999747753 -0.0114623858 -3.54120159 -0.999445796 0.0189965572 -0.0273339748 111.932549
-0.0275954008 0.0123361051 0.99954319 32.6062546 0.0181857627 0.999764562 -0.0118367681 -3.56866598 -0.999453843 0.0178508125 -0.0278131962 111.91777
-0.028454423 0.0133803654 0.99950552 33.4142456 0.0147161875 0.999807656 -0.0129654631 -3.59500146 -0.999486744 0.0143399863 -0.0286458731 111.89949
-0.0309869051 0.0134734148 0.999428988 34.235611 0.0123957591 0.999837399 -0.0130945966 -3.62257004 -0.999442935 0.0119829206 -0.0311487913 111.892105
-0.032566905 0.0138491066 0.999373615 35.0438614 0.0123582194 0.999833107 -0.0134527544 -3.64402676 -0.999393165 0.0119123654 -0.0327326059 111.854469
-0.0346704721 0.0136161391 0.999306083 35.852356 0.0106071178 0.999855876 -0.0132556222 -3.67541027 -0.999342561 0.0101401787 -0.0348098278 111.830276
-0.036724925 0.0138316918 0.99922967 36.6602402 0.00899018906 0.999868333 -0.0135101136 -3.70114756 -0.999284983 0.00848710537 -0.036844492 111.811295
-0.0393198729 0.0134255812 0.999136508 37.4766998 0.0070890463 0.999888301 -0.0131567037 -3.72294617 -0.999201596 0.00656560576 -0.0394105911 111.79512
-0.0413318872 0.0122835813 0.999069929 38.2592316 0.00756599847 0.999899626 -0.0119807739 -3.74980998 -0.999116778 0.00706377393 -0.041420579 111.760498
-0.0430531502 0.0116841691 0.999004602 39.0370865 0.00650932314 0.999913692 -0.0114142783 -3.78250027 -0.99905175 0.00601142459 -0.0431255102 111.725876
-0.0451891422 0.013083972 0.998892844 39.8180084 0.00714622857 0.99989289 -0.012773782 -3.80145574 -0.998952925 0.00656108046 -0.0452778339 111.700134
-0.0461233854 0.013263532 0.998847663 40.5902786 0.00755550107 0.999887884 -0.012928457 -3.83020163 -0.998907149 0.00695049064 -0.0462183952 111.659195
-0.0462821722 0.0122821257 0.998852909 41.3751297 0.0100720245 0.999879301 -0.0118280575 -3.85364652 -0.998877645 0.00951304287 -0.0464003086 111.615189
-0.0484862328 0.0116731739 0.998755634 42.1503677 0.00988786947 0.999888301 -0.0112063894 -3.87388253 -0.998774886 0.00933220983 -0.0485962629 111.590141
-0.0501477718 0.0112011451 0.998678982 42.9182968 0.00881372392 0.999903142 -0.0107723027 -3.89702225 -0.998702943 0.00826187525 -0.0502415895 111.564194
-0.0514677763 0.0104815038 0.998619676 43.6734543 0.0069536441 0.999924421 -0.0101368167 -3.91641903 -0.998650491 0.00642232737 -0.0515366793 111.534096
-0.0520824194 0.00927076023 0.998599768 44.4119644 0.00570204249 0.999943376 -0.00898584072 -3.94142151 -0.99862653 0.00522605376 -0.0521323681 111.499786
-0.0528373718 0.00916793756 0.998561025 45.1240005 0.00547646033 0.999945462 -0.0088908691 -3.966043 -0.998588085 0.00499880919 -0.0528846979 111.46582
-0.0530692339 0.0111868177 0.998528183 45.8324738 0.00565501628 0.9999246 -0.0109019121 -3.9910531 -0.998574793 0.00506813684 -0.0531284809 111.438385
-0.0526945591 0.0142511586 0.998509049 46.5198517 0.00641108584 0.9998824 -0.0139324274 -4.00713921 -0.998590171 0.00566736469 -0.0527797937 111.394363
-0.0527904034 0.0157057866 0.998482168 47.2182159 0.00406477228 0.999871433 -0.0155127328 -4.02957678 -0.998597383 0.00323967985 -0.0528475046 111.361984
-0.053014636 0.016635133 0.998455226 47.9194412 0.00481912354 0.999853849 -0.0164025556 -4.05450916 -0.998582184 0.00394210499 -0.0530871153 111.331741
-0.0528746843 0.0162100121 0.998469591 48.6086731 0.00599715346 0.99985534 -0.0159149263 -4.07789612 -0.998583198 0.0051464797 -0.0529642105 111.292793
-0.0535529852 0.0154984491 0.998444796 49.3004837 0.00585607952 0.999867201 -0.015206431 -4.10591364 -0.998547912 0.00503262226 -0.0536366701 111.262947
-0.0533629656 0.0159597062 0.998447597 49.9898911 0.00246560713 0.999871314 -0.0158506874 -4.12187862 -0.998572111 0.00161593838 -0.0533955097 111.229111
-0.0536301136 0.015959749 0.998433292 50.6851807 7.91896673e-05 0.999872327 -0.0159784984 -4.15112591 -0.998560846 -0.000777862559 -0.0536245108 111.208023
-0.0531660318 0.0144678904 0.998480856 51.3466797 0.00229878235 0.999894142 -0.0143659664 -4.17601776 -0.998583078 0.00153150933 -0.0531936884 111.168549
-0.0543106794 0.0138910618 0.99842757 52.0325623 0.00123729848 0.999903381 -0.0138442926 -4.20017767 -0.998523414 0.00048346119 -0.0543226004 111.138321
-0.0578187704 0.013182166 0.998240113 52.70327 -0.00241760141 0.99990803 -0.0133442208 -4.22401094 -0.998324215 -0.00318489224 -0.0577815771 111.106873
-0.0632618666 0.0124819819 0.997918904 53.3806381 -0.00648285495 0.999895573 -0.0129176788 -4.25143909 -0.997975886 -0.00728656119 -0.063174367 111.078094
-0.0692080259 0.0167123526 0.997462273 54.0291977 -0.00263099186 0.999853134 -0.0169349611 -4.26704645 -0.997598767 -0.00379635114 -0.0691539049 111.028305
-0.07561481 0.0196740553 0.996942997 54.7173691 4.89566592e-05 0.999805391 -0.0197268296 -4.28590441 -0.997137129 -0.00144283334 -0.0756011009 110.971626
-0.0826121569 0.021054687 0.996359408 55.3866348 -0.000890282856 0.999774873 -0.0212006792 -4.31130981 -0.996581435 -0.00263847434 -0.0825748444 110.907318
-0.0887784958 0.0200534128 0.995849609 56.0597153 -0.00453427294 0.999778807 -0.0205367617 -4.3372097 -0.996041179 -0.00633867551 -0.0886679888 110.852608
-0.0942178965 0.0186994914 0.995375931 56.7431946 -0.00532480376 0.999799788 -0.0192866214 -4.36389685 -0.995537341 -0.00711732823 -0.0940995216 110.789566
-0.0988640785 0.0195854157 0.994908214 57.4452362 -0.00697320979 0.999768138 -0.020374015 -4.38402939 -0.995076537 -0.00895196013 -0.0987045765 110.729248
-0.102807164 0.0188137703 0.994523346 58.14431 -0.00883469917 0.999764383 -0.0198261887 -4.40385437 -0.994662046 -0.0108245881 -0.102616668 110.660507
-0.105894804 0.0155285122 0.994256139 58.8658447 -0.00950639881 0.999816537 -0.01662785 -4.43081045 -0.994331956 -0.0112125967 -0.105727792 110.590912
-0.10734129 0.012799968 0.99413985 59.5690613 -0.00745342299 0.999878645 -0.0136786345 -4.44977951 -0.994194329 -0.00887802616 -0.107232809 110.512665
-0.108163714 0.00991270505 0.994083822 60.2803879 -0.00772752473 0.999911666 -0.0108116306 -4.4726963 -0.994103253 -0.00885123014 -0.108077526 110.431564
-0.110007405 0.00928282272 0.993887544 61.0189056 -0.00886157155 0.999907494 -0.0103198811 -4.49645615 -0.993891418 -0.0099426657 -0.109914899 110.365067
-0.110128999 0.0127490852 0.993835628 61.7473221 -0.00732255634 0.999880195 -0.013638055 -4.51732159 -0.993890464 -0.00877936184 -0.110022545 110.284378
-0.110771537 0.01703519 0.993699849 62.4779663 -0.0011741342 0.999850154 -0.0172715113 -4.53593254 -0.993845165 -0.00307993009 -0.11073494 110.200378
-0.111210585 0.0219735745 0.993553936 63.2390747 0.00714582251 0.999747336 -0.021310702 -4.56154251 -0.993771195 0.00472978549 -0.11133945 110.106438
-0.111702561 0.0222810376 0.993491888 63.9821472 0.00709346496 0.999741018 -0.0216236375 -4.5898118 -0.993716419 0.00463188533 -0.111831665 110.021469
-0.111921191 0.019886503 0.993518114 64.7422485 0.00476496108 0.999798954 -0.0194754433 -4.61788845 -0.99370569 0.00255436054 -0.111993432 109.943588
-0.112258077 0.0156338308 0.993556261 65.5102081 0.00554458005 0.999870539 -0.0151067292 -4.6368494 -0.993663788 0.0038130004 -0.112330317 109.861877
-0.112446547 0.0140042612 0.993559182 66.2821045 0.0075866566 0.999883652 -0.013234783 -4.65890217 -0.993628919 0.00604958693 -0.112539768 109.768204
-0.112807631 0.0130741326 0.99353081 67.0128174 0.00715138111 0.999898195 -0.0123459399 -4.68564606 -0.99359107 0.00571240159 -0.112889647 109.68396
-0.114854217 0.0142128216 0.993280649 67.7558441 0.00570371654 0.999890566 -0.0136478748 -4.70741367 -0.993365943 0.00409787474 -0.114922643 109.607124
-0.11665833 0.0149483969 0.993059754 68.4934387 0.00542401988 0.999881387 -0.0144139063 -4.73296356 -0.993157446 0.00370487524 -0.116725564 109.520294
-0.119228005 0.0150597636 0.992752671 69.2300568 0.00641980441 0.999875724 -0.01439681 -4.75684309 -0.992846131 0.00465677539 -0.119309902 109.437729
-0.121353388 0.0150277494 0.992495596 69.9848633 0.00641658669 0.99987638 -0.0143549414 -4.77994061 -0.99258858 0.00462641288 -0.121434808 109.353561
-0.123646379 0.0152333556 0.992209435 70.7232285 0.00651957002 0.999873042 -0.0145385647 -4.79946518 -0.992304921 0.00467113918 -0.123729944 109.261612
-0.125266552 0.0151465861 0.992007613 71.4844666 0.00439086696 0.999882102 -0.0147123598 -4.8250351 -0.992113531 0.00251280749 -0.125318289 109.167191
-0.126625419 0.0168860871 0.991807044 72.2389069 0.00488021458 0.999853611 -0.0164000243 -4.84849834 -0.99193877 0.00276357331 -0.126689315 109.076447
-0.127354622 0.0174701177 0.991703272 72.9944763 0.00455279881 0.999844611 -0.0170288645 -4.87007189 -0.991846681 0.00234631961 -0.127414346 108.981384
-0.12856555 0.017937554 0.991538823 73.7582703 0.00426018471 0.99983716 -0.0175352897 -4.88977861 -0.991691947 0.00196970417 -0.128621101 108.886063
-0.129913568 0.0158206169 0.991399109 74.5382538 0.00438687392 0.999872088 -0.0153809693 -4.91828585 -0.991515636 0.00235094666 -0.129966378 108.792786
-0.131040692 0.0138241751 0.991280735 75.3238678 0.0022204041 0.999904335 -0.0136509184 -4.93311453 -0.991374671 0.000412218767 -0.131058812 108.695724
-0.132969141 0.0117469495 0.991050541 76.1125183 -0.00125552341 0.999926984 -0.0120206149 -4.95313644 -0.991119325 -0.00284265797 -0.132944703 108.601967
-0.134947658 0.0114190308 0.99078697 76.9095001 0.000909380789 0.999934614 -0.011400599 -4.96770716 -0.990852356 -0.000637480814 -0.134949207 108.497131
-0.136822224 0.0119250678 0.990523875 77.7009735 0.00129765726 0.999928832 -0.0118590491 -4.99222755 -0.990594804 -0.000337220903 -0.136828065 108.386757
-0.139269114 0.0132137267 0.990166426 78.4999237 0.00066555076 0.999911964 -0.0132501703 -5.01130533 -0.990254343 -0.0011863336 -0.139265656 108.281219
-0.140841961 0.0161908995 0.989899695 79.3034515 0.00149364222 0.999868631 -0.0161414389 -5.04372311 -0.990031004 -0.000794835854 -0.140847683 108.170273
-0.141445756 0.0205881055 0.989731908 80.1072693 0.00432169111 0.999787033 -0.0201796424 -5.06005287 -0.98993659 0.00142299128 -0.141504645 108.0616
-0.142804623 0.0239542443 0.989460945 80.9240723 0.00459168572 0.999712348 -0.0235397257 -5.10216427 -0.989740252 0.00118171121 -0.142873645 107.950455
-0.14262569 0.0253890287 0.98945117 81.7501221 0.00720426673 0.999671102 -0.0246128049 -5.13054371 -0.989750624 0.00361785316 -0.142761707 107.823914
-0.142062545 0.0244851671 0.989555001 82.5876617 0.0103463782 0.999676108 -0.0232502613 -5.16458225 -0.989803791 0.00693532359 -0.14226985 107.706017
-0.14178586 0.0227250624 0.98963666 83.3995895 0.0111222407 0.999709904 -0.0213628877 -5.19335747 -0.989835024 0.0079780221 -0.141997457 107.583176
-0.140739799 0.0212225001 0.989819109 84.2317505 0.0106424922 0.999744892 -0.0199220888 -5.22072697 -0.9899894 0.00773031171 -0.140929818 107.465172
-0.139308095 0.0181336869 0.990083158 85.1050568 0.00962996297 0.999809861 -0.0169568677 -5.25679779 -0.990202367 0.00717223715 -0.139456272 107.362206
-0.137632489 0.0155825345 0.990360975 85.9604492 0.0103794588 0.999844015 -0.0142892916 -5.28061104 -0.990429163 0.00831274129 -0.137772799 107.24263
-0.135885 0.01197094 0.990652323 86.8170471 0.0106666973 0.999886692 -0.0106194075 -5.30554628 -0.990667224 0.00912396982 -0.135997295 107.128799
-0.134067535 0.012041457 0.990899026 87.6676559 0.0088143684 0.999901116 -0.0109582758 -5.33109808 -0.990933001 0.00726499921 -0.134160399 107.020035
-0.133145213 0.0157878064 0.99097079 88.5362549 0.00916637201 0.999849975 -0.0146976886 -5.36994696 -0.991054177 0.00712668011 -0.133269906 106.916481
