1.000000000000000000e+00 0.000000000000000000e+00 0.000000000000000000e+00 0.000000000000000000e+00 0.000000000000000000e+00 1.000000000000000000e+00 0.000000000000000000e+00 0.000000000000000000e+00 0.000000000000000000e+00 0.000000000000000000e+00 1.000000000000000000e+00 0.000000000000000000e+00
9.999989797639895484e-01 -0.000000000000000000e+00 -1.428450552224054624e-03 -3.945305009999999606e-03 0.000000000000000000e+00 1.000000000000000000e+00 -0.000000000000000000e+00 0.000000000000000000e+00 1.428450552224054624e-03 0.000000000000000000e+00 9.999989797639895484e-01 5.592903489999999644e-01
9.999970115250698122e-01 -0.000000000000000000e+00 -2.444778298649225891e-03 -6.507321259999999767e-03 0.000000000000000000e+00 1.000000000000000000e+00 -0.000000000000000000e+00 0.000000000000000000e+00 2.444778298649225891e-03 0.000000000000000000e+00 9.999970115250698122e-01 1.112323879999999932e+00
9.999908769275357434e-01 -0.000000000000000000e+00 -4.271540904406392544e-03 -1.604090260000000032e-02 0.000000000000000000e+00 9.999999999999998890e-01 -0.000000000000000000e+00 0.000000000000000000e+00 4.271540904406392544e-03 0.000000000000000000e+00 9.999908769275357434e-01 1.676310060000000046e+00
9.999797400367513855e-01 -0.000000000000000000e+00 -6.365494170236605381e-03 -1.775338690000000108e-02 0.000000000000000000e+00 1.000000000000000000e+00 -0.000000000000000000e+00 0.000000000000000000e+00 6.365494170236605381e-03 0.000000000000000000e+00 9.999797400367513855e-01 2.250091079999999799e+00
9.999661155282900671e-01 -0.000000000000000000e+00 -8.232119730811520222e-03 -1.391238069999999917e-02 0.000000000000000000e+00 9.999999999999998890e-01 -0.000000000000000000e+00 0.000000000000000000e+00 8.232119730811520222e-03 0.000000000000000000e+00 9.999661155282900671e-01 2.821646690000000124e+00
9.999547773030802444e-01 -0.000000000000000000e+00 -9.510170805371268021e-03 -2.628717759999999945e-02 0.000000000000000000e+00 1.000000000000000000e+00 -0.000000000000000000e+00 0.000000000000000000e+00 9.510170805371268021e-03 0.000000000000000000e+00 9.999547773030802444e-01 3.392352820000000158e+00
9.999397147023604271e-01 -0.000000000000000000e+00 -1.098029876469830413e-02 -3.486561779999999833e-02 0.000000000000000000e+00 1.000000000000000000e+00 -0.000000000000000000e+00 0.000000000000000000e+00 1.098029876469830413e-02 0.000000000000000000e+00 9.999397147023604271e-01 3.961791750000000167e+00
9.999292724348608496e-01 -0.000000000000000000e+00 -1.189328078747657787e-02 -4.727770390000000239e-02 0.000000000000000000e+00 9.999999999999998890e-01 -0.000000000000000000e+00 0.000000000000000000e+00 1.189328078747657787e-02 0.000000000000000000e+00 9.999292724348608496e-01 4.548128130000000269e+00
9.999154786378744442e-01 -0.000000000000000000e+00 -1.300136840454089657e-02 -6.179088729999999974e-02 0.000000000000000000e+00 1.000000000000000000e+00 -0.000000000000000000e+00 0.000000000000000000e+00 1.300136840454089657e-02 0.000000000000000000e+00 9.999154786378744442e-01 5.143041130000000294e+00
9.998922931157617766e-01 -0.000000000000000000e+00 -1.467658569639269939e-02 -6.813932960000000649e-02 0.000000000000000000e+00 1.000000000000000000e+00 -0.000000000000000000e+00 0.000000000000000000e+00 1.467658569639269939e-02 0.000000000000000000e+00 9.998922931157617766e-01 5.752057080000000155e+00
9.998691011480109747e-01 -0.000000000000000000e+00 -1.617963440466135827e-02 -8.062881230000000510e-02 0.000000000000000000e+00 1.000000000000000000e+00 -0.000000000000000000e+00 0.000000000000000000e+00 1.617963440466135827e-02 0.000000000000000000e+00 9.998691011480109747e-01 6.364964009999999561e+00
9.998507532997434888e-01 -0.000000000000000000e+00 -1.727631690886018492e-02 -9.436334670000000313e-02 0.000000000000000000e+00 9.999999999999998890e-01 -0.000000000000000000e+00 0.000000000000000000e+00 1.727631690886018492e-02 0.000000000000000000e+00 9.998507532997434888e-01 6.993533130000000320e+00
9.998315858860573613e-01 -0.000000000000000000e+00 -1.835210790539881440e-02 -1.117400830000000039e-01 0.000000000000000000e+00 1.000000000000000000e+00 -0.000000000000000000e+00 0.000000000000000000e+00 1.835210790539881440e-02 0.000000000000000000e+00 9.998315858860573613e-01 7.634922979999999804e+00
9.998255297794136354e-01 -0.000000000000000000e+00 -1.867913277738105990e-02 -1.407092359999999875e-01 0.000000000000000000e+00 1.000000000000000000e+00 -0.000000000000000000e+00 0.000000000000000000e+00 1.867913277738105990e-02 0.000000000000000000e+00 9.998255297794136354e-01 8.306270599999999504e+00
9.998008990107757343e-01 -0.000000000000000000e+00 -1.995400554387284295e-02 -1.490823629999999955e-01 0.000000000000000000e+00 1.000000000000000222e+00 -0.000000000000000000e+00 0.000000000000000000e+00 1.995400554387284295e-02 0.000000000000000000e+00 9.998008990107757343e-01 8.989274979999999360e+00
9.997720620975841799e-01 -0.000000000000000000e+00 -2.135003159586160507e-02 -1.674929410000000063e-01 0.000000000000000000e+00 1.000000000000000000e+00 -0.000000000000000000e+00 0.000000000000000000e+00 2.135003159586160507e-02 0.000000000000000000e+00 9.997720620975841799e-01 9.677599909999999639e+00
9.997626805127275418e-01 -0.000000000000000000e+00 -2.178491803991205664e-02 -1.925716399999999884e-01 0.000000000000000000e+00 1.000000000000000000e+00 -0.000000000000000000e+00 0.000000000000000000e+00 2.178491803991205664e-02 0.000000000000000000e+00 9.997626805127275418e-01 1.035020259999999936e+01
9.997334371883911386e-01 -0.000000000000000000e+00 -2.308797452105652501e-02 -2.158253790000000116e-01 0.000000000000000000e+00 9.999999999999998890e-01 -0.000000000000000000e+00 0.000000000000000000e+00 2.308797452105652501e-02 0.000000000000000000e+00 9.997334371883911386e-01 1.106625179999999986e+01
9.997128916486537342e-01 -0.000000000000000000e+00 -2.396109912936005698e-02 -2.402205169999999945e-01 0.000000000000000000e+00 1.000000000000000000e+00 -0.000000000000000000e+00 0.000000000000000000e+00 2.396109912936005698e-02 0.000000000000000000e+00 9.997128916486537342e-01 1.180032630000000005e+01
9.997062046844659156e-01 -0.000000000000000000e+00 -2.423848830642831575e-02 -2.624212799999999790e-01 0.000000000000000000e+00 1.000000000000000000e+00 -0.000000000000000000e+00 0.000000000000000000e+00 2.423848830642831575e-02 0.000000000000000000e+00 9.997062046844659156e-01 1.256274600000000063e+01
9.996931437683407307e-01 -0.000000000000000000e+00 -2.477132016206496853e-02 -2.859594819999999871e-01 0.000000000000000000e+00 1.000000000000000000e+00 -0.000000000000000000e+00 0.000000000000000000e+00 2.477132016206496853e-02 0.000000000000000000e+00 9.996931437683407307e-01 1.335234930000000020e+01
9.996795469822435942e-01 -0.000000000000000000e+00 -2.531409380910649293e-02 -3.080928030000000262e-01 0.000000000000000000e+00 1.000000000000000000e+00 -0.000000000000000000e+00 0.000000000000000000e+00 2.531409380910649293e-02 0.000000000000000000e+00 9.996795469822435942e-01 1.414402390000000054e+01
9.996786847401348819e-01 -0.000000000000000000e+00 -2.534812174962982473e-02 -3.350257280000000226e-01 0.000000000000000000e+00 1.000000000000000000e+00 -0.000000000000000000e+00 0.000000000000000000e+00 2.534812174962982473e-02 0.000000000000000000e+00 9.996786847401348819e-01 1.494583989999999929e+01
9.997016120728986488e-01 -0.000000000000000000e+00 -2.442717377936849329e-02 -3.636215329999999968e-01 0.000000000000000000e+00 9.999999999999998890e-01 -0.000000000000000000e+00 0.000000000000000000e+00 2.442717377936849329e-02 0.000000000000000000e+00 9.997016120728986488e-01 1.577017020000000080e+01
9.997057098085996296e-01 -0.000000000000000000e+00 -2.425889066062493146e-02 -3.869380649999999977e-01 0.000000000000000000e+00 1.000000000000000000e+00 -0.000000000000000000e+00 0.000000000000000000e+00 2.425889066062493146e-02 0.000000000000000000e+00 9.997057098085996296e-01 1.661591530000000105e+01
9.997278949358550104e-01 -0.000000000000000000e+00 -2.332672474060331486e-02 -4.094104170000000265e-01 0.000000000000000000e+00 1.000000000000000000e+00 -0.000000000000000000e+00 0.000000000000000000e+00 2.332672474060331486e-02 0.000000000000000000e+00 9.997278949358550104e-01 1.747329140000000081e+01
9.997426039364050165e-01 -0.000000000000000000e+00 -2.268757092454527086e-02 -4.232238529999999832e-01 0.000000000000000000e+00 1.000000000000000000e+00 -0.000000000000000000e+00 0.000000000000000000e+00 2.268757092454527086e-02 0.000000000000000000e+00 9.997426039364050165e-01 1.833596040000000116e+01
9.997674455837531893e-01 -0.000000000000000000e+00 -2.156512812243669558e-02 -4.418143930000000275e-01 0.000000000000000000e+00 1.000000000000000000e+00 -0.000000000000000000e+00 0.000000000000000000e+00 2.156512812243669558e-02 0.000000000000000000e+00 9.997674455837531893e-01 1.923226169999999868e+01
9.997744849823505531e-01 -0.000000000000000000e+00 -2.123627034758322069e-02 -4.720743600000000262e-01 0.000000000000000000e+00 9.999999999999998890e-01 -0.000000000000000000e+00 0.000000000000000000e+00 2.123627034758322069e-02 0.000000000000000000e+00 9.997744849823505531e-01 2.014700889999999944e+01
9.997622848121080485e-01 -0.000000000000000000e+00 -2.180307013412443110e-02 -4.932029250000000142e-01 0.000000000000000000e+00 1.000000000000000000e+00 -0.000000000000000000e+00 0.000000000000000000e+00 2.180307013412443110e-02 0.000000000000000000e+00 9.997622848121080485e-01 2.107920650000000151e+01
9.997617384649405414e-01 -0.000000000000000000e+00 -2.182810806184962843e-02 -5.152279730000000058e-01 0.000000000000000000e+00 9.999999999999998890e-01 -0.000000000000000000e+00 0.000000000000000000e+00 2.182810806184962843e-02 0.000000000000000000e+00 9.997617384649405414e-01 2.200742149999999953e+01
9.997593266363953290e-01 -0.000000000000000000e+00 -2.193829536544206205e-02 -5.388708110000000051e-01 0.000000000000000000e+00 1.000000000000000000e+00 -0.000000000000000000e+00 0.000000000000000000e+00 2.193829536544206205e-02 0.000000000000000000e+00 9.997593266363953290e-01 2.296394349999999918e+01
9.997568594426167188e-01 -0.000000000000000000e+00 -2.205044211429174963e-02 -5.713448519999999586e-01 0.000000000000000000e+00 1.000000000000000000e+00 -0.000000000000000000e+00 0.000000000000000000e+00 2.205044211429174963e-02 0.000000000000000000e+00 9.997568594426167188e-01 2.392951580000000078e+01
9.997597323596522090e-01 -0.000000000000000000e+00 -2.191979817782532466e-02 -6.033781769999999600e-01 0.000000000000000000e+00 1.000000000000000000e+00 -0.000000000000000000e+00 0.000000000000000000e+00 2.191979817782532466e-02 0.000000000000000000e+00 9.997597323596522090e-01 2.491028209999999987e+01
9.997472628947400297e-01 -0.000000000000000000e+00 -2.248133302265250058e-02 -6.292958859999999710e-01 0.000000000000000000e+00 9.999999999999998890e-01 -0.000000000000000000e+00 0.000000000000000000e+00 2.248133302265250058e-02 0.000000000000000000e+00 9.997472628947400297e-01 2.589622689999999849e+01
9.997589673858351400e-01 -0.000000000000000000e+00 -2.195466081743324693e-02 -6.665266749999999574e-01 0.000000000000000000e+00 1.000000000000000000e+00 -0.000000000000000000e+00 0.000000000000000000e+00 2.195466081743324693e-02 0.000000000000000000e+00 9.997589673858351400e-01 2.689281270000000035e+01
9.997423589961798029e-01 -0.000000000000000000e+00 -2.269836180770968062e-02 -6.944358940000000535e-01 0.000000000000000000e+00 1.000000000000000000e+00 -0.000000000000000000e+00 0.000000000000000000e+00 2.269836180770968062e-02 0.000000000000000000e+00 9.997423589961798029e-01 2.789649580000000029e+01
9.997321654846830219e-01 -0.000000000000000000e+00 -2.314297507466808040e-02 -7.159138320000000277e-01 0.000000000000000000e+00 1.000000000000000222e+00 -0.000000000000000000e+00 0.000000000000000000e+00 2.314297507466808040e-02 0.000000000000000000e+00 9.997321654846830219e-01 2.890977669999999833e+01
9.997262763288538023e-01 -0.000000000000000000e+00 -2.339599148666852285e-02 -7.422811390000000342e-01 0.000000000000000000e+00 1.000000000000000000e+00 -0.000000000000000000e+00 0.000000000000000000e+00 2.339599148666852285e-02 0.000000000000000000e+00 9.997262763288538023e-01 2.992302510000000026e+01
9.997184464557929973e-01 -0.000000000000000000e+00 -2.372820718081632488e-02 -7.688228489999999749e-01 0.000000000000000000e+00 9.999999999999998890e-01 -0.000000000000000000e+00 0.000000000000000000e+00 2.372820718081632488e-02 0.000000000000000000e+00 9.997184464557929973e-01 3.094658280000000161e+01
9.997089507226276650e-01 -0.000000000000000000e+00 -2.412496311008417021e-02 -7.914867399999999664e-01 0.000000000000000000e+00 1.000000000000000000e+00 -0.000000000000000000e+00 0.000000000000000000e+00 2.412496311008417021e-02 0.000000000000000000e+00 9.997089507226276650e-01 3.199962809999999891e+01
9.997102841970524345e-01 -0.000000000000000000e+00 -2.406964209639382915e-02 -8.324725029999999748e-01 0.000000000000000000e+00 1.000000000000000000e+00 -0.000000000000000000e+00 0.000000000000000000e+00 2.406964209639382915e-02 0.000000000000000000e+00 9.997102841970524345e-01 3.304153060000000153e+01
9.996886533655561236e-01 -0.000000000000000000e+00 -2.495188033317372392e-02 -8.584712740000000064e-01 0.000000000000000000e+00 1.000000000000000000e+00 -0.000000000000000000e+00 0.000000000000000000e+00 2.495188033317372392e-02 0.000000000000000000e+00 9.996886533655561236e-01 3.407363889999999884e+01
9.996820527934701106e-01 -0.000000000000000000e+00 -2.521494244756363606e-02 -8.909551500000000290e-01 0.000000000000000000e+00 1.000000000000000222e+00 -0.000000000000000000e+00 0.000000000000000000e+00 2.521494244756363606e-02 0.000000000000000000e+00 9.996820527934701106e-01 3.513336180000000297e+01
9.996584419339266114e-01 -0.000000000000000000e+00 -2.613425855528703906e-02 -9.195165629999999535e-01 0.000000000000000000e+00 1.000000000000000222e+00 -0.000000000000000000e+00 0.000000000000000000e+00 2.613425855528703906e-02 0.000000000000000000e+00 9.996584419339266114e-01 3.620462799999999959e+01
9.996446081884705626e-01 -0.000000000000000000e+00 -2.665815672020709418e-02 -9.493597750000000168e-01 0.000000000000000000e+00 9.999999999999998890e-01 -0.000000000000000000e+00 0.000000000000000000e+00 2.665815672020709418e-02 0.000000000000000000e+00 9.996446081884705626e-01 3.727730940000000004e+01
9.996397036532426172e-01 -0.000000000000000000e+00 -2.684143960478650726e-02 -9.838116770000000511e-01 0.000000000000000000e+00 1.000000000000000000e+00 -0.000000000000000000e+00 0.000000000000000000e+00 2.684143960478650726e-02 0.000000000000000000e+00 9.996397036532426172e-01 3.834996029999999934e+01
9.995958777370181902e-01 -0.000000000000000000e+00 -2.842676927053744418e-02 -9.999621509999999658e-01 0.000000000000000000e+00 1.000000000000000000e+00 -0.000000000000000000e+00 0.000000000000000000e+00 2.842676927053744418e-02 0.000000000000000000e+00 9.995958777370181902e-01 3.944244770000000244e+01
9.995914972086256123e-01 -0.000000000000000000e+00 -2.858039027406902161e-02 -1.046074149999999925e+00 0.000000000000000000e+00 9.999999999999998890e-01 -0.000000000000000000e+00 0.000000000000000000e+00 2.858039027406902161e-02 0.000000000000000000e+00 9.995914972086256123e-01 4.052565380000000062e+01
9.995605795988518061e-01 -0.000000000000000000e+00 -2.964199237580936869e-02 -1.089929579999999953e+00 0.000000000000000000e+00 1.000000000000000000e+00 -0.000000000000000000e+00 0.000000000000000000e+00 2.964199237580936869e-02 0.000000000000000000e+00 9.995605795988518061e-01 4.161473850000000141e+01
9.995656701921121767e-01 -0.000000000000000000e+00 -2.946983158068099129e-02 -1.141162280000000084e+00 0.000000000000000000e+00 1.000000000000000000e+00 -0.000000000000000000e+00 0.000000000000000000e+00 2.946983158068099129e-02 0.000000000000000000e+00 9.995656701921121767e-01 4.267291639999999830e+01
9.995408335153378454e-01 -0.000000000000000000e+00 -3.030053028353820940e-02 -1.174095270000000024e+00 0.000000000000000000e+00 9.999999999999998890e-01 -0.000000000000000000e+00 0.000000000000000000e+00 3.030053028353820940e-02 0.000000000000000000e+00 9.995408335153378454e-01 4.376173020000000236e+01
9.995245309301937775e-01 -0.000000000000000000e+00 -3.083361913198463117e-02 -1.216425899999999949e+00 0.000000000000000000e+00 1.000000000000000000e+00 -0.000000000000000000e+00 0.000000000000000000e+00 3.083361913198463117e-02 0.000000000000000000e+00 9.995245309301937775e-01 4.484222030000000103e+01
9.995364285493140155e-01 -0.000000000000000000e+00 -3.044549232451518664e-02 -1.266129260000000034e+00 0.000000000000000000e+00 1.000000000000000000e+00 -0.000000000000000000e+00 0.000000000000000000e+00 3.044549232451518664e-02 0.000000000000000000e+00 9.995364285493140155e-01 4.592835999999999785e+01
9.995386143634825693e-01 -0.000000000000000000e+00 -3.037364641147420607e-02 -1.319229959999999924e+00 0.000000000000000000e+00 1.000000000000000000e+00 -0.000000000000000000e+00 0.000000000000000000e+00 3.037364641147420607e-02 0.000000000000000000e+00 9.995386143634825693e-01 4.702655790000000025e+01
9.995448202810686134e-01 -0.000000000000000000e+00 -3.016872965980224239e-02 -1.338855270000000042e+00 0.000000000000000000e+00 1.000000000000000000e+00 -0.000000000000000000e+00 0.000000000000000000e+00 3.016872965980224239e-02 0.000000000000000000e+00 9.995448202810686134e-01 4.809487529999999822e+01
9.995456945631299162e-01 -0.000000000000000000e+00 -3.013974917464148223e-02 -1.380288600000000088e+00 0.000000000000000000e+00 1.000000000000000000e+00 -0.000000000000000000e+00 0.000000000000000000e+00 3.013974917464148223e-02 0.000000000000000000e+00 9.995456945631299162e-01 4.918149950000000104e+01
9.995413472171191804e-01 -0.000000000000000000e+00 -3.028357976505538507e-02 -1.411040660000000058e+00 0.000000000000000000e+00 1.000000000000000000e+00 -0.000000000000000000e+00 0.000000000000000000e+00 3.028357976505538507e-02 0.000000000000000000e+00 9.995413472171191804e-01 5.026781849999999707e+01
9.995489353748097106e-01 -0.000000000000000000e+00 -3.003207936664837110e-02 -1.445828440000000104e+00 0.000000000000000000e+00 1.000000000000000000e+00 -0.000000000000000000e+00 0.000000000000000000e+00 3.003207936664837110e-02 0.000000000000000000e+00 9.995489353748097106e-01 5.134729000000000099e+01
9.995615806685975713e-01 -0.000000000000000000e+00 -2.960821594245189106e-02 -1.484090450000000061e+00 0.000000000000000000e+00 1.000000000000000000e+00 -0.000000000000000000e+00 0.000000000000000000e+00 2.960821594245189106e-02 0.000000000000000000e+00 9.995615806685975713e-01 5.243206789999999984e+01
9.995620713731937501e-01 -0.000000000000000000e+00 -2.959164530961863257e-02 -1.519978760000000095e+00 0.000000000000000000e+00 9.999999999999998890e-01 -0.000000000000000000e+00 0.000000000000000000e+00 2.959164530961863257e-02 0.000000000000000000e+00 9.995620713731937501e-01 5.353184509999999818e+01
9.995720400186266508e-01 -0.000000000000000000e+00 -2.925297955765723823e-02 -1.552001949999999963e+00 0.000000000000000000e+00 9.999999999999998890e-01 -0.000000000000000000e+00 0.000000000000000000e+00 2.925297955765723823e-02 0.000000000000000000e+00 9.995720400186266508e-01 5.460556410000000227e+01
9.995827376009097653e-01 -0.000000000000000000e+00 -2.888512922371528138e-02 -1.588838930000000094e+00 0.000000000000000000e+00 9.999999999999998890e-01 -0.000000000000000000e+00 0.000000000000000000e+00 2.888512922371528138e-02 0.000000000000000000e+00 9.995827376009097653e-01 5.569352339999999657e+01
9.995848509000824222e-01 -0.000000000000000000e+00 -2.881190467602141175e-02 -1.619827990000000106e+00 0.000000000000000000e+00 1.000000000000000000e+00 -0.000000000000000000e+00 0.000000000000000000e+00 2.881190467602141175e-02 0.000000000000000000e+00 9.995848509000824222e-01 5.678069310000000058e+01
9.995962035026542125e-01 -0.000000000000000000e+00 -2.841531177165624450e-02 -1.662112239999999908e+00 0.000000000000000000e+00 1.000000000000000000e+00 -0.000000000000000000e+00 0.000000000000000000e+00 2.841531177165624450e-02 0.000000000000000000e+00 9.995962035026542125e-01 5.787307739999999967e+01
9.996093865387267741e-01 -0.000000000000000000e+00 -2.794770730615389609e-02 -1.702941779999999961e+00 0.000000000000000000e+00 1.000000000000000000e+00 -0.000000000000000000e+00 0.000000000000000000e+00 2.794770730615389609e-02 0.000000000000000000e+00 9.996093865387267741e-01 5.896174239999999855e+01
9.995949718046683863e-01 -0.000000000000000000e+00 -2.845860753487662598e-02 -1.714649199999999984e+00 0.000000000000000000e+00 1.000000000000000000e+00 -0.000000000000000000e+00 0.000000000000000000e+00 2.845860753487662598e-02 0.000000000000000000e+00 9.995949718046683863e-01 6.004691309999999760e+01
9.996108138221423411e-01 -0.000000000000000000e+00 -2.789661072306377776e-02 -1.753654480000000015e+00 0.000000000000000000e+00 9.999999999999998890e-01 -0.000000000000000000e+00 0.000000000000000000e+00 2.789661072306377776e-02 0.000000000000000000e+00 9.996108138221423411e-01 6.114262010000000203e+01
9.996153391295052870e-01 -0.000000000000000000e+00 -2.773398235025047176e-02 -1.782978649999999998e+00 0.000000000000000000e+00 1.000000000000000000e+00 -0.000000000000000000e+00 0.000000000000000000e+00 2.773398235025047176e-02 0.000000000000000000e+00 9.996153391295052870e-01 6.223279190000000227e+01
9.996156438414817158e-01 -0.000000000000000000e+00 -2.772299744579858130e-02 -1.817576890000000001e+00 0.000000000000000000e+00 9.999999999999998890e-01 -0.000000000000000000e+00 0.000000000000000000e+00 2.772299744579858130e-02 0.000000000000000000e+00 9.996156438414817158e-01 6.332441709999999802e+01
9.996330123226425668e-01 -0.000000000000000000e+00 -2.708949380773874663e-02 -1.875086309999999923e+00 0.000000000000000000e+00 9.999999999999998890e-01 -0.000000000000000000e+00 0.000000000000000000e+00 2.708949380773874663e-02 0.000000000000000000e+00 9.996330123226425668e-01 6.442937469999999678e+01
9.996353513342065567e-01 -0.000000000000000000e+00 -2.700304358656088061e-02 -1.906652210000000069e+00 0.000000000000000000e+00 1.000000000000000222e+00 -0.000000000000000000e+00 0.000000000000000000e+00 2.700304358656088061e-02 0.000000000000000000e+00 9.996353513342065567e-01 6.551744080000000281e+01
9.996462532640060239e-01 -0.000000000000000000e+00 -2.659639703483604109e-02 -1.937925820000000021e+00 0.000000000000000000e+00 1.000000000000000000e+00 -0.000000000000000000e+00 0.000000000000000000e+00 2.659639703483604109e-02 0.000000000000000000e+00 9.996462532640060239e-01 6.661269380000000240e+01
9.996841906028214320e-01 -0.000000000000000000e+00 -2.513004295224820911e-02 -1.995205040000000096e+00 0.000000000000000000e+00 1.000000000000000000e+00 -0.000000000000000000e+00 0.000000000000000000e+00 2.513004295224820911e-02 0.000000000000000000e+00 9.996841906028214320e-01 6.773229980000000694e+01
9.996835815588432927e-01 -0.000000000000000000e+00 -2.515425931494303519e-02 -2.024563790000000196e+00 0.000000000000000000e+00 9.999999999999998890e-01 -0.000000000000000000e+00 0.000000000000000000e+00 2.515425931494303519e-02 0.000000000000000000e+00 9.996835815588432927e-01 6.882241059999999777e+01
9.996798330557816747e-01 -0.000000000000000000e+00 -2.530279394778996854e-02 -2.053262469999999951e+00 0.000000000000000000e+00 1.000000000000000000e+00 -0.000000000000000000e+00 0.000000000000000000e+00 2.530279394778996854e-02 0.000000000000000000e+00 9.996798330557816747e-01 6.991719820000000141e+01
9.996835333460758477e-01 -0.000000000000000000e+00 -2.515617531949284474e-02 -2.092902179999999834e+00 0.000000000000000000e+00 1.000000000000000000e+00 -0.000000000000000000e+00 0.000000000000000000e+00 2.515617531949284474e-02 0.000000000000000000e+00 9.996835333460758477e-01 7.101980589999999438e+01
9.996794123254735265e-01 -0.000000000000000000e+00 -2.531941098437916204e-02 -2.126582379999999883e+00 0.000000000000000000e+00 1.000000000000000000e+00 -0.000000000000000000e+00 0.000000000000000000e+00 2.531941098437916204e-02 0.000000000000000000e+00 9.996794123254735265e-01 7.210769650000000297e+01
9.996627184402271382e-01 -0.000000000000000000e+00 -2.597016289311605830e-02 -2.148481850000000026e+00 0.000000000000000000e+00 1.000000000000000000e+00 -0.000000000000000000e+00 0.000000000000000000e+00 2.597016289311605830e-02 0.000000000000000000e+00 9.996627184402271382e-01 7.322003940000000455e+01
9.996372444014597347e-01 -0.000000000000000000e+00 -2.693287220956075076e-02 -2.176975730000000109e+00 0.000000000000000000e+00 1.000000000000000222e+00 -0.000000000000000000e+00 0.000000000000000000e+00 2.693287220956075076e-02 0.000000000000000000e+00 9.996372444014597347e-01 7.430963130000000660e+01
9.996324426485408976e-01 -0.000000000000000000e+00 -2.711050727138055588e-02 -2.221685649999999956e+00 0.000000000000000000e+00 9.999999999999998890e-01 -0.000000000000000000e+00 0.000000000000000000e+00 2.711050727138055588e-02 0.000000000000000000e+00 9.996324426485408976e-01 7.541857910000000231e+01
9.996085730408965642e-01 -0.000000000000000000e+00 -2.797678864956503961e-02 -2.252782820000000186e+00 0.000000000000000000e+00 1.000000000000000000e+00 -0.000000000000000000e+00 0.000000000000000000e+00 2.797678864956503961e-02 0.000000000000000000e+00 9.996085730408965642e-01 7.649937439999999356e+01
9.995862689754962949e-01 -0.000000000000000000e+00 -2.876266461312048175e-02 -2.287105079999999901e+00 0.000000000000000000e+00 1.000000000000000000e+00 -0.000000000000000000e+00 0.000000000000000000e+00 2.876266461312048175e-02 0.000000000000000000e+00 9.995862689754962949e-01 7.757639310000000421e+01
9.995748028201129065e-01 -0.000000000000000000e+00 -2.915842189029562576e-02 -2.325694079999999886e+00 0.000000000000000000e+00 1.000000000000000000e+00 -0.000000000000000000e+00 0.000000000000000000e+00 2.915842189029562576e-02 0.000000000000000000e+00 9.995748028201129065e-01 7.866188049999999521e+01
9.995655071367061106e-01 -0.000000000000000000e+00 -2.947536161847411768e-02 -2.372912649999999957e+00 0.000000000000000000e+00 1.000000000000000222e+00 -0.000000000000000000e+00 0.000000000000000000e+00 2.947536161847411768e-02 0.000000000000000000e+00 9.995655071367061106e-01 7.974137880000000678e+01
9.995393526567657450e-01 -0.000000000000000000e+00 -3.034934085764668527e-02 -2.410339589999999976e+00 0.000000000000000000e+00 1.000000000000000000e+00 -0.000000000000000000e+00 0.000000000000000000e+00 3.034934085764668527e-02 0.000000000000000000e+00 9.995393526567657450e-01 8.080835720000000322e+01
9.995271631119226896e-01 -0.000000000000000000e+00 -3.074817395280558460e-02 -2.452952150000000220e+00 0.000000000000000000e+00 1.000000000000000000e+00 -0.000000000000000000e+00 0.000000000000000000e+00 3.074817395280558460e-02 0.000000000000000000e+00 9.995271631119226896e-01 8.188906860000000165e+01
9.995104786093990112e-01 -0.000000000000000000e+00 -3.128582985970068675e-02 -2.489657160000000147e+00 0.000000000000000000e+00 1.000000000000000000e+00 -0.000000000000000000e+00 0.000000000000000000e+00 3.128582985970068675e-02 0.000000000000000000e+00 9.995104786093990112e-01 8.296286770000000388e+01
9.994911547719796951e-01 -0.000000000000000000e+00 -3.189720258227521366e-02 -2.529886480000000049e+00 0.000000000000000000e+00 1.000000000000000000e+00 -0.000000000000000000e+00 0.000000000000000000e+00 3.189720258227521366e-02 0.000000000000000000e+00 9.994911547719796951e-01 8.403045649999999966e+01
9.994913548386706870e-01 -0.000000000000000000e+00 -3.189093292392609913e-02 -2.581487179999999881e+00 0.000000000000000000e+00 9.999999999999998890e-01 -0.000000000000000000e+00 0.000000000000000000e+00 3.189093292392609913e-02 0.000000000000000000e+00 9.994913548386706870e-01 8.507883449999999925e+01
9.994366224520659925e-01 -0.000000000000000000e+00 -3.356244480973340216e-02 -2.601018429999999881e+00 0.000000000000000000e+00 9.999999999999998890e-01 -0.000000000000000000e+00 0.000000000000000000e+00 3.356244480973340216e-02 0.000000000000000000e+00 9.994366224520659925e-01 8.613288880000000347e+01
9.994213324898820749e-01 -0.000000000000000000e+00 -3.401470511629661742e-02 -2.639235499999999845e+00 0.000000000000000000e+00 1.000000000000000000e+00 -0.000000000000000000e+00 0.000000000000000000e+00 3.401470511629661742e-02 0.000000000000000000e+00 9.994213324898820749e-01 8.713814539999999909e+01
9.993989907162493802e-01 -0.000000000000000000e+00 -3.466492976110172736e-02 -2.680577749999999870e+00 0.000000000000000000e+00 1.000000000000000000e+00 -0.000000000000000000e+00 0.000000000000000000e+00 3.466492976110172736e-02 0.000000000000000000e+00 9.993989907162493802e-01 8.814038089999999670e+01
9.993702908597758006e-01 -0.000000000000000000e+00 -3.548269644273255308e-02 -2.722234250000000078e+00 0.000000000000000000e+00 9.999999999999998890e-01 -0.000000000000000000e+00 0.000000000000000000e+00 3.548269644273255308e-02 0.000000000000000000e+00 9.993702908597758006e-01 8.912772370000000421e+01
9.992975815424176567e-01 -0.000000000000000000e+00 -3.747457169168624119e-02 -2.761284349999999943e+00 0.000000000000000000e+00 1.000000000000000000e+00 -0.000000000000000000e+00 0.000000000000000000e+00 3.747457169168624119e-02 0.000000000000000000e+00 9.992975815424176567e-01 9.007257079999999405e+01
9.991795625303827588e-01 -0.000000000000000000e+00 -4.049940520048475601e-02 -2.810063120000000136e+00 0.000000000000000000e+00 1.000000000000000000e+00 -0.000000000000000000e+00 0.000000000000000000e+00 4.049940520048475601e-02 0.000000000000000000e+00 9.991795625303827588e-01 9.100532529999999554e+01
9.990234712226813141e-01 -0.000000000000000000e+00 -4.418262040875682584e-02 -2.851645710000000111e+00 0.000000000000000000e+00 1.000000000000000000e+00 -0.000000000000000000e+00 0.000000000000000000e+00 4.418262040875682584e-02 0.000000000000000000e+00 9.990234712226813141e-01 9.194245909999999355e+01
9.988848484680484807e-01 -0.000000000000000000e+00 -4.721291667503643708e-02 -2.898491379999999840e+00 0.000000000000000000e+00 1.000000000000000000e+00 -0.000000000000000000e+00 0.000000000000000000e+00 4.721291667503643708e-02 0.000000000000000000e+00 9.988848484680484807e-01 9.283734130000000562e+01
9.987190736539105496e-01 -0.000000000000000000e+00 -5.059853673649730016e-02 -2.948879240000000124e+00 0.000000000000000000e+00 9.999999999999998890e-01 -0.000000000000000000e+00 0.000000000000000000e+00 5.059853673649730016e-02 0.000000000000000000e+00 9.987190736539105496e-01 9.369324489999999628e+01
9.985682249104295138e-01 -0.000000000000000000e+00 -5.349299205722236883e-02 -3.005325319999999856e+00 0.000000000000000000e+00 1.000000000000000000e+00 -0.000000000000000000e+00 0.000000000000000000e+00 5.349299205722236883e-02 0.000000000000000000e+00 9.985682249104295138e-01 9.454027560000000108e+01
9.983769018576198473e-01 -0.000000000000000000e+00 -5.695227683930293577e-02 -3.049654480000000056e+00 0.000000000000000000e+00 1.000000000000000000e+00 -0.000000000000000000e+00 0.000000000000000000e+00 5.695227683930293577e-02 0.000000000000000000e+00 9.983769018576198473e-01 9.536172489999999868e+01
9.982529575010840039e-01 -0.000000000000000000e+00 -5.908496289530016515e-02 -3.114712480000000117e+00 0.000000000000000000e+00 1.000000000000000000e+00 -0.000000000000000000e+00 0.000000000000000000e+00 5.908496289530016515e-02 0.000000000000000000e+00 9.982529575010840039e-01 9.615563960000000066e+01
9.980906282339989666e-01 -0.000000000000000000e+00 -6.176647821805516386e-02 -3.167819020000000041e+00 0.000000000000000000e+00 1.000000000000000000e+00 -0.000000000000000000e+00 0.000000000000000000e+00 6.176647821805516386e-02 0.000000000000000000e+00 9.980906282339989666e-01 9.692285920000000488e+01
9.979098474241406835e-01 -0.000000000000000000e+00 -6.462148569886161376e-02 -3.219461680000000214e+00 0.000000000000000000e+00 9.999999999999998890e-01 -0.000000000000000000e+00 0.000000000000000000e+00 6.462148569886161376e-02 0.000000000000000000e+00 9.979098474241406835e-01 9.765517429999999877e+01
9.977267994752271330e-01 -0.000000000000000000e+00 -6.738867567269532510e-02 -3.268328669999999825e+00 0.000000000000000000e+00 9.999999999999998890e-01 -0.000000000000000000e+00 0.000000000000000000e+00 6.738867567269532510e-02 0.000000000000000000e+00 9.977267994752271330e-01 9.833963009999999372e+01
9.975669256032588805e-01 -0.000000000000000000e+00 -6.971534223155115284e-02 -3.331751109999999905e+00 0.000000000000000000e+00 1.000000000000000000e+00 -0.000000000000000000e+00 0.000000000000000000e+00 6.971534223155115284e-02 0.000000000000000000e+00 9.975669256032588805e-01 9.901071930000000521e+01
9.974293670001184164e-01 -0.000000000000000000e+00 -7.165652688864576625e-02 -3.391115899999999961e+00 0.000000000000000000e+00 1.000000000000000000e+00 -0.000000000000000000e+00 0.000000000000000000e+00 7.165652688864576625e-02 0.000000000000000000e+00 9.974293670001184164e-01 9.965854640000000586e+01
9.973874727131576412e-01 -0.000000000000000000e+00 -7.223731220678304699e-02 -3.448432449999999871e+00 0.000000000000000000e+00 1.000000000000000000e+00 -0.000000000000000000e+00 0.000000000000000000e+00 7.223731220678304699e-02 0.000000000000000000e+00 9.973874727131576412e-01 1.002831269999999932e+02
9.974226301914305148e-01 -0.000000000000000000e+00 -7.175023889861835424e-02 -3.489779229999999899e+00 0.000000000000000000e+00 9.999999999999998890e-01 -0.000000000000000000e+00 0.000000000000000000e+00 7.175023889861835424e-02 0.000000000000000000e+00 9.974226301914305148e-01 1.008651049999999998e+02
9.976470212273981231e-01 -0.000000000000000000e+00 -6.855961665659324189e-02 -3.535018679999999858e+00 0.000000000000000000e+00 9.999999999999998890e-01 -0.000000000000000000e+00 0.000000000000000000e+00 6.855961665659324189e-02 0.000000000000000000e+00 9.976470212273981231e-01 1.014400179999999949e+02
9.980121885263986137e-01 -0.000000000000000000e+00 -6.302119923286396419e-02 -3.574641939999999796e+00 0.000000000000000000e+00 1.000000000000000000e+00 -0.000000000000000000e+00 0.000000000000000000e+00 6.302119923286396419e-02 0.000000000000000000e+00 9.980121885263986137e-01 1.019854509999999976e+02
9.984707007093963638e-01 -0.000000000000000000e+00 -5.528344982801938756e-02 -3.611264709999999933e+00 0.000000000000000000e+00 1.000000000000000000e+00 -0.000000000000000000e+00 0.000000000000000000e+00 5.528344982801938756e-02 0.000000000000000000e+00 9.984707007093963638e-01 1.025044170000000037e+02
9.989325352247001577e-01 -0.000000000000000000e+00 -4.619296558517457796e-02 -3.620420220000000189e+00 0.000000000000000000e+00 9.999999999999998890e-01 -0.000000000000000000e+00 0.000000000000000000e+00 4.619296558517457796e-02 0.000000000000000000e+00 9.989325352247001577e-01 1.030118180000000052e+02
9.994046879194936617e-01 -0.000000000000000000e+00 -3.450028644140974710e-02 -3.625003809999999937e+00 0.000000000000000000e+00 9.999999999999998890e-01 -0.000000000000000000e+00 0.000000000000000000e+00 3.450028644140974710e-02 0.000000000000000000e+00 9.994046879194936617e-01 1.034920269999999931e+02
9.997763688367676815e-01 -0.000000000000000000e+00 -2.114739500665152247e-02 -3.630353209999999997e+00 0.000000000000000000e+00 9.999999999999998890e-01 -0.000000000000000000e+00 0.000000000000000000e+00 2.114739500665152247e-02 0.000000000000000000e+00 9.997763688367676815e-01 1.039480439999999959e+02
9.999802850197158088e-01 -0.000000000000000000e+00 -6.279297085510540145e-03 -3.621695279999999961e+00 0.000000000000000000e+00 1.000000000000000000e+00 -0.000000000000000000e+00 0.000000000000000000e+00 6.279297085510540145e-03 0.000000000000000000e+00 9.999802850197158088e-01 1.043843770000000006e+02
9.999282689930562018e-01 0.000000000000000000e+00 1.197734814348413827e-02 -3.607672930000000111e+00 0.000000000000000000e+00 1.000000000000000000e+00 0.000000000000000000e+00 0.000000000000000000e+00 -1.197734814348413827e-02 0.000000000000000000e+00 9.999282689930562018e-01 1.048112110000000001e+02
9.994415054845833257e-01 0.000000000000000000e+00 3.341671908954457759e-02 -3.579827310000000207e+00 0.000000000000000000e+00 1.000000000000000000e+00 0.000000000000000000e+00 0.000000000000000000e+00 -3.341671908954457759e-02 0.000000000000000000e+00 9.994415054845833257e-01 1.052283630000000016e+02
9.983361442086451376e-01 0.000000000000000000e+00 5.766232016330501836e-02 -3.531018729999999994e+00 0.000000000000000000e+00 1.000000000000000000e+00 0.000000000000000000e+00 0.000000000000000000e+00 -5.766232016330501836e-02 0.000000000000000000e+00 9.983361442086451376e-01 1.056384960000000035e+02
9.963964065118470215e-01 0.000000000000000000e+00 8.481863645613457736e-02 -3.472401860000000173e+00 0.000000000000000000e+00 9.999999999999998890e-01 0.000000000000000000e+00 0.000000000000000000e+00 -8.481863645613457736e-02 0.000000000000000000e+00 9.963964065118470215e-01 1.060441969999999969e+02
9.933656729503567151e-01 0.000000000000000000e+00 1.149984339192721972e-01 -3.404720070000000209e+00 0.000000000000000000e+00 1.000000000000000222e+00 0.000000000000000000e+00 0.000000000000000000e+00 -1.149984339192721972e-01 0.000000000000000000e+00 9.933656729503567151e-01 1.064386439999999965e+02
9.890842813981247650e-01 0.000000000000000000e+00 1.473508883283557169e-01 -3.317016119999999901e+00 0.000000000000000000e+00 1.000000000000000222e+00 0.000000000000000000e+00 0.000000000000000000e+00 -1.473508883283557169e-01 0.000000000000000000e+00 9.890842813981247650e-01 1.068176880000000040e+02
9.831249412040009572e-01 0.000000000000000000e+00 1.829353710539046163e-01 -3.226125240000000005e+00 0.000000000000000000e+00 1.000000000000000000e+00 0.000000000000000000e+00 0.000000000000000000e+00 -1.829353710539046163e-01 0.000000000000000000e+00 9.831249412040009572e-01 1.071816330000000050e+02
9.751635405185840044e-01 0.000000000000000000e+00 2.214860475137430396e-01 -3.129792210000000185e+00 0.000000000000000000e+00 1.000000000000000000e+00 0.000000000000000000e+00 0.000000000000000000e+00 -2.214860475137430396e-01 0.000000000000000000e+00 9.751635405185840044e-01 1.075318220000000053e+02
9.651578904917882396e-01 0.000000000000000000e+00 2.616681991023011578e-01 -3.004135129999999876e+00 0.000000000000000000e+00 1.000000000000000000e+00 0.000000000000000000e+00 0.000000000000000000e+00 -2.616681991023011578e-01 0.000000000000000000e+00 9.651578904917882396e-01 1.078843379999999996e+02
9.528766513268016602e-01 0.000000000000000000e+00 3.033580184472151609e-01 -2.864729640000000188e+00 0.000000000000000000e+00 1.000000000000000000e+00 0.000000000000000000e+00 0.000000000000000000e+00 -3.033580184472151609e-01 0.000000000000000000e+00 9.528766513268016602e-01 1.082239529999999945e+02
9.376149127063126976e-01 0.000000000000000000e+00 3.476755318838722353e-01 -2.725361350000000016e+00 0.000000000000000000e+00 1.000000000000000000e+00 0.000000000000000000e+00 0.000000000000000000e+00 -3.476755318838722353e-01 0.000000000000000000e+00 9.376149127063126976e-01 1.085398560000000003e+02
9.199251860204158415e-01 0.000000000000000000e+00 3.920939327830813559e-01 -2.558182239999999830e+00 0.000000000000000000e+00 1.000000000000000000e+00 0.000000000000000000e+00 0.000000000000000000e+00 -3.920939327830813559e-01 0.000000000000000000e+00 9.199251860204158415e-01 1.088519589999999937e+02
8.995405686106644483e-01 0.000000000000000000e+00 4.368372298964481870e-01 -2.372093679999999871e+00 0.000000000000000000e+00 9.999999999999998890e-01 0.000000000000000000e+00 0.000000000000000000e+00 -4.368372298964481870e-01 0.000000000000000000e+00 8.995405686106644483e-01 1.091677700000000044e+02
8.765567009601068493e-01 0.000000000000000000e+00 4.812986079368334891e-01 -2.174607749999999839e+00 0.000000000000000000e+00 9.999999999999998890e-01 0.000000000000000000e+00 0.000000000000000000e+00 -4.812986079368334891e-01 0.000000000000000000e+00 8.765567009601068493e-01 1.094490660000000020e+02
