%YAML:1.0
---
model_type: PINHOLE
camera_name: camera
image_width: 1280
image_height: 560
distortion_parameters:
#   k1: -0.0500404857694661
#   k2: 0.120012171706205
#   p1: -0.000625980590609640
#   p2: -0.00118250639148530
#   k3: -0.0635052080001204
   k1: -5.6143027800000002e-02
   k2: 1.3952563200000001e-01
   p1: -1.2155906999999999e-03
   p2: -9.7281389999999998e-04

projection_parameters:
   fx: 816.402214740649
   fy: 817.383885628095
   cx: 608.826584275826
   cy: 266.688656524394

