%YAML:1.0
---
model_type: PINHOLE
camera_name: camera
image_width: 1280
image_height: 560
distortion_parameters:
#   k1: -0.0594987968806378
#   k2: 0.160636771245718
#   p1: 0.000458582956152886
#   p2: -0.00175610815367685
#   k3: -0.109523735768226
   k1: -5.4921981799999998e-02
   k2: 1.4243657430000001e-01
   p1: 7.5412299999999996e-05
   p2: -6.7560530000000001e-04

projection_parameters:
   fx: 815.735551827039
   fy: 816.901382122716
   cx: 605.518237565624
   cy: 258.864242848807