9.999396236323327969e-01 -0.000000000000000000e+00 -1.098858908270275783e-02 -3.881495819999999930e-02 0.000000000000000000e+00 1.000000000000000000e+00 -0.000000000000000000e+00 0.000000000000000000e+00 1.098858908270275783e-02 0.000000000000000000e+00 9.999396236323327969e-01 2.055634739999999905e+00
9.998714180167025400e-01 -0.000000000000000000e+00 -1.603581719990113813e-02 -5.560262869999999663e-02 0.000000000000000000e+00 1.000000000000000000e+00 -0.000000000000000000e+00 0.000000000000000000e+00 1.603581719990113813e-02 0.000000000000000000e+00 9.998714180167025400e-01 2.787258860000000116e+00
9.997948042005608826e-01 -0.000000000000000000e+00 -2.025708502134485750e-02 -7.338365169999999660e-02 0.000000000000000000e+00 1.000000000000000000e+00 -0.000000000000000000e+00 0.000000000000000000e+00 2.025708502134485750e-02 0.000000000000000000e+00 9.997948042005608826e-01 3.524496319999999905e+00
9.996941585312650869e-01 -0.000000000000000000e+00 -2.473033356964147653e-02 -9.983699020000000313e-02 0.000000000000000000e+00 1.000000000000000000e+00 -0.000000000000000000e+00 0.000000000000000000e+00 2.473033356964147653e-02 0.000000000000000000e+00 9.996941585312650869e-01 4.276531699999999603e+00
9.995627315616421038e-01 -0.000000000000000000e+00 -2.956933670254965202e-02 -1.319559369999999954e-01 0.000000000000000000e+00 1.000000000000000000e+00 -0.000000000000000000e+00 0.000000000000000000e+00 2.956933670254965202e-02 0.000000000000000000e+00 9.995627315616421038e-01 5.049878119999999804e+00
9.994208801451964774e-01 -0.000000000000000000e+00 -3.402799332609650340e-02 -1.668310460000000106e-01 0.000000000000000000e+00 1.000000000000000000e+00 -0.000000000000000000e+00 0.000000000000000000e+00 3.402799332609650340e-02 0.000000000000000000e+00 9.994208801451964774e-01 5.837139129999999732e+00
9.992560691442461396e-01 -0.000000000000000000e+00 -3.856563597802305232e-02 -1.966673879999999985e-01 0.000000000000000000e+00 9.999999999999998890e-01 -0.000000000000000000e+00 0.000000000000000000e+00 3.856563597802305232e-02 0.000000000000000000e+00 9.992560691442461396e-01 6.639547349999999959e+00
9.991331453222973558e-01 -0.000000000000000000e+00 -4.162881115733292614e-02 -2.418565900000000102e-01 0.000000000000000000e+00 1.000000000000000000e+00 -0.000000000000000000e+00 0.000000000000000000e+00 4.162881115733292614e-02 0.000000000000000000e+00 9.991331453222973558e-01 7.448782439999999561e+00
9.990187066357936185e-01 -0.000000000000000000e+00 -4.429022230409677963e-02 -2.871695759999999820e-01 0.000000000000000000e+00 1.000000000000000000e+00 -0.000000000000000000e+00 0.000000000000000000e+00 4.429022230409677963e-02 0.000000000000000000e+00 9.990187066357936185e-01 8.254736899999999267e+00
9.989157983746841385e-01 -0.000000000000000000e+00 -4.655349350443424572e-02 -3.242621720000000152e-01 0.000000000000000000e+00 1.000000000000000000e+00 -0.000000000000000000e+00 0.000000000000000000e+00 4.655349350443424572e-02 0.000000000000000000e+00 9.989157983746841385e-01 9.070279120000000361e+00
9.988244316795837907e-01 -0.000000000000000000e+00 -4.847426822507568817e-02 -3.650811310000000032e-01 0.000000000000000000e+00 1.000000000000000000e+00 -0.000000000000000000e+00 0.000000000000000000e+00 4.847426822507568817e-02 0.000000000000000000e+00 9.988244316795837907e-01 9.900956150000000733e+00
9.987260622228820717e-01 -0.000000000000000000e+00 -5.046040662515726555e-02 -4.116414190000000084e-01 0.000000000000000000e+00 1.000000000000000222e+00 -0.000000000000000000e+00 0.000000000000000000e+00 5.046040662515726555e-02 0.000000000000000000e+00 9.987260622228820717e-01 1.073518370000000033e+01
9.986429804071494942e-01 -0.000000000000000000e+00 -5.207876422809664535e-02 -4.469358620000000171e-01 0.000000000000000000e+00 1.000000000000000000e+00 -0.000000000000000000e+00 0.000000000000000000e+00 5.207876422809664535e-02 0.000000000000000000e+00 9.986429804071494942e-01 1.158428100000000072e+01
9.985513639574218336e-01 -0.000000000000000000e+00 -5.380681684296514944e-02 -5.022557970000000038e-01 0.000000000000000000e+00 9.999999999999998890e-01 -0.000000000000000000e+00 0.000000000000000000e+00 5.380681684296514944e-02 0.000000000000000000e+00 9.985513639574218336e-01 1.244097230000000032e+01
9.984734780474842086e-01 -0.000000000000000000e+00 -5.523326566264199350e-02 -5.549184080000000296e-01 0.000000000000000000e+00 1.000000000000000000e+00 -0.000000000000000000e+00 0.000000000000000000e+00 5.523326566264199350e-02 0.000000000000000000e+00 9.984734780474842086e-01 1.330481720000000045e+01
9.983829559759435091e-01 -0.000000000000000000e+00 -5.684604838278019961e-02 -6.127979759999999665e-01 0.000000000000000000e+00 1.000000000000000000e+00 -0.000000000000000000e+00 0.000000000000000000e+00 5.684604838278019961e-02 0.000000000000000000e+00 9.983829559759435091e-01 1.418503190000000025e+01
9.983227686656860334e-01 -0.000000000000000000e+00 -5.789343281996121859e-02 -6.697679760000000426e-01 0.000000000000000000e+00 1.000000000000000222e+00 -0.000000000000000000e+00 0.000000000000000000e+00 5.789343281996121859e-02 0.000000000000000000e+00 9.983227686656860334e-01 1.508058929999999975e+01
9.982434557511186135e-01 -0.000000000000000000e+00 -5.924527871539227858e-02 -7.302880290000000052e-01 0.000000000000000000e+00 1.000000000000000000e+00 -0.000000000000000000e+00 0.000000000000000000e+00 5.924527871539227858e-02 0.000000000000000000e+00 9.982434557511186135e-01 1.597316840000000049e+01
9.981817724943981007e-01 -0.000000000000000000e+00 -6.027560916275956360e-02 -7.855503560000000052e-01 0.000000000000000000e+00 1.000000000000000000e+00 -0.000000000000000000e+00 0.000000000000000000e+00 6.027560916275956360e-02 0.000000000000000000e+00 9.981817724943981007e-01 1.686242100000000121e+01
9.981043482748374052e-01 -0.000000000000000000e+00 -6.154437386847189800e-02 -8.419606090000000265e-01 0.000000000000000000e+00 1.000000000000000000e+00 -0.000000000000000000e+00 0.000000000000000000e+00 6.154437386847189800e-02 0.000000000000000000e+00 9.981043482748374052e-01 1.777211379999999963e+01
9.980127051602281085e-01 -0.000000000000000000e+00 -6.301301721679186674e-02 -9.041014910000000349e-01 0.000000000000000000e+00 1.000000000000000000e+00 -0.000000000000000000e+00 0.000000000000000000e+00 6.301301721679186674e-02 0.000000000000000000e+00 9.980127051602281085e-01 1.867096330000000037e+01
9.979406774980378314e-01 -0.000000000000000000e+00 -6.414362162177386639e-02 -9.590077399999999974e-01 0.000000000000000000e+00 1.000000000000000000e+00 -0.000000000000000000e+00 0.000000000000000000e+00 6.414362162177386639e-02 0.000000000000000000e+00 9.979406774980378314e-01 1.958271789999999868e+01
9.978906364125694761e-01 -0.000000000000000000e+00 -6.491746883633887910e-02 -1.013047339999999963e+00 0.000000000000000000e+00 1.000000000000000000e+00 -0.000000000000000000e+00 0.000000000000000000e+00 6.491746883633887910e-02 0.000000000000000000e+00 9.978906364125694761e-01 2.049867439999999874e+01
9.978819597829022836e-01 -0.000000000000000000e+00 -6.505070591342029807e-02 -1.077492359999999927e+00 0.000000000000000000e+00 1.000000000000000000e+00 -0.000000000000000000e+00 0.000000000000000000e+00 6.505070591342029807e-02 0.000000000000000000e+00 9.978819597829022836e-01 2.143060489999999874e+01
9.979435886619388851e-01 -0.000000000000000000e+00 -6.409831392892222091e-02 -1.141007179999999899e+00 0.000000000000000000e+00 9.999999999999998890e-01 -0.000000000000000000e+00 0.000000000000000000e+00 6.409831392892222091e-02 0.000000000000000000e+00 9.979435886619388851e-01 2.236272430000000000e+01
9.980460255931954405e-01 -0.000000000000000000e+00 -6.248304408098848822e-02 -1.203298690000000004e+00 0.000000000000000000e+00 1.000000000000000000e+00 -0.000000000000000000e+00 0.000000000000000000e+00 6.248304408098848822e-02 0.000000000000000000e+00 9.980460255931954405e-01 2.329728509999999986e+01
9.981554476300371626e-01 -0.000000000000000000e+00 -6.070998572294481616e-02 -1.270459290000000019e+00 0.000000000000000000e+00 1.000000000000000000e+00 -0.000000000000000000e+00 0.000000000000000000e+00 6.070998572294481616e-02 0.000000000000000000e+00 9.981554476300371626e-01 2.423812290000000047e+01
9.982467622188785361e-01 -0.000000000000000000e+00 -5.918954062607718197e-02 -1.333080889999999963e+00 0.000000000000000000e+00 1.000000000000000222e+00 -0.000000000000000000e+00 0.000000000000000000e+00 5.918954062607718197e-02 0.000000000000000000e+00 9.982467622188785361e-01 2.517815020000000104e+01
9.983004990755052210e-01 -0.000000000000000000e+00 -5.827618334789506915e-02 -1.391139150000000102e+00 0.000000000000000000e+00 1.000000000000000222e+00 -0.000000000000000000e+00 0.000000000000000000e+00 5.827618334789506915e-02 0.000000000000000000e+00 9.983004990755052210e-01 2.611869809999999958e+01
9.983449518102495146e-01 -0.000000000000000000e+00 -5.750962697662633655e-02 -1.443274860000000048e+00 0.000000000000000000e+00 1.000000000000000000e+00 -0.000000000000000000e+00 0.000000000000000000e+00 5.750962697662633655e-02 0.000000000000000000e+00 9.983449518102495146e-01 2.710055919999999929e+01
9.983839546932548048e-01 -0.000000000000000000e+00 -5.682850526854259232e-02 -1.491380570000000017e+00 0.000000000000000000e+00 9.999999999999998890e-01 -0.000000000000000000e+00 0.000000000000000000e+00 5.682850526854259232e-02 0.000000000000000000e+00 9.983839546932548048e-01 2.805702210000000107e+01
9.983867005405290262e-01 -0.000000000000000000e+00 -5.678024466128973879e-02 -1.554696080000000036e+00 0.000000000000000000e+00 9.999999999999998890e-01 -0.000000000000000000e+00 0.000000000000000000e+00 5.678024466128973879e-02 0.000000000000000000e+00 9.983867005405290262e-01 2.903470229999999930e+01
9.983633157197729924e-01 -0.000000000000000000e+00 -5.718994513916818290e-02 -1.618412610000000029e+00 0.000000000000000000e+00 1.000000000000000000e+00 -0.000000000000000000e+00 0.000000000000000000e+00 5.718994513916818290e-02 0.000000000000000000e+00 9.983633157197729924e-01 3.000968359999999890e+01
9.982926457069091208e-01 -0.000000000000000000e+00 -5.841056006836196912e-02 -1.658077119999999960e+00 0.000000000000000000e+00 1.000000000000000000e+00 -0.000000000000000000e+00 0.000000000000000000e+00 5.841056006836196912e-02 0.000000000000000000e+00 9.982926457069091208e-01 3.097230340000000126e+01
9.982242482584768872e-01 -0.000000000000000000e+00 -5.956802992208906633e-02 -1.719435569999999913e+00 0.000000000000000000e+00 1.000000000000000000e+00 -0.000000000000000000e+00 0.000000000000000000e+00 5.956802992208906633e-02 0.000000000000000000e+00 9.982242482584768872e-01 3.195143699999999853e+01
9.981477298541727716e-01 -0.000000000000000000e+00 -6.083674372417773035e-02 -1.785607809999999906e+00 0.000000000000000000e+00 1.000000000000000000e+00 -0.000000000000000000e+00 0.000000000000000000e+00 6.083674372417773035e-02 0.000000000000000000e+00 9.981477298541727716e-01 3.293216710000000091e+01
9.979678190244276603e-01 -0.000000000000000000e+00 -6.371995128393463659e-02 -1.840053919999999898e+00 0.000000000000000000e+00 1.000000000000000000e+00 -0.000000000000000000e+00 0.000000000000000000e+00 6.371995128393463659e-02 0.000000000000000000e+00 9.979678190244276603e-01 3.392713169999999678e+01
9.979643757520018088e-01 -0.000000000000000000e+00 -6.377385616314208694e-02 -1.919719820000000077e+00 0.000000000000000000e+00 1.000000000000000000e+00 -0.000000000000000000e+00 0.000000000000000000e+00 6.377385616314208694e-02 0.000000000000000000e+00 9.979643757520018088e-01 3.491481780000000157e+01
9.978771044786259869e-01 -0.000000000000000000e+00 -6.512514381829366539e-02 -1.983574029999999988e+00 0.000000000000000000e+00 1.000000000000000000e+00 -0.000000000000000000e+00 0.000000000000000000e+00 6.512514381829366539e-02 0.000000000000000000e+00 9.978771044786259869e-01 3.589839169999999768e+01
9.977952832595921029e-01 -0.000000000000000000e+00 -6.636695491666408375e-02 -2.048456429999999884e+00 0.000000000000000000e+00 1.000000000000000000e+00 -0.000000000000000000e+00 0.000000000000000000e+00 6.636695491666408375e-02 0.000000000000000000e+00 9.977952832595921029e-01 3.688887019999999950e+01
9.977218596190965405e-01 -0.000000000000000000e+00 -6.746177316237679522e-02 -2.114362240000000170e+00 0.000000000000000000e+00 1.000000000000000000e+00 -0.000000000000000000e+00 0.000000000000000000e+00 6.746177316237679522e-02 0.000000000000000000e+00 9.977218596190965405e-01 3.784874729999999943e+01
9.977353126604099343e-01 -0.000000000000000000e+00 -6.726251460088301937e-02 -2.181026699999999874e+00 0.000000000000000000e+00 9.999999999999998890e-01 -0.000000000000000000e+00 0.000000000000000000e+00 6.726251460088301937e-02 0.000000000000000000e+00 9.977353126604099343e-01 3.884628680000000145e+01
9.976674092217964196e-01 -0.000000000000000000e+00 -6.826229249496659768e-02 -2.251439809999999930e+00 0.000000000000000000e+00 9.999999999999998890e-01 -0.000000000000000000e+00 0.000000000000000000e+00 6.826229249496659768e-02 0.000000000000000000e+00 9.976674092217964196e-01 3.981547549999999802e+01
9.976624196821516355e-01 -0.000000000000000000e+00 -6.833517654879074643e-02 -2.325007199999999941e+00 0.000000000000000000e+00 1.000000000000000000e+00 -0.000000000000000000e+00 0.000000000000000000e+00 6.833517654879074643e-02 0.000000000000000000e+00 9.976624196821516355e-01 4.079736330000000066e+01
9.976668258116692112e-01 -0.000000000000000000e+00 -6.827081861870643031e-02 -2.394278760000000172e+00 0.000000000000000000e+00 1.000000000000000000e+00 -0.000000000000000000e+00 0.000000000000000000e+00 6.827081861870643031e-02 0.000000000000000000e+00 9.976668258116692112e-01 4.177703859999999736e+01
9.976655596425945127e-01 -0.000000000000000000e+00 -6.828931909917294873e-02 -2.471610549999999851e+00 0.000000000000000000e+00 1.000000000000000000e+00 -0.000000000000000000e+00 0.000000000000000000e+00 6.828931909917294873e-02 0.000000000000000000e+00 9.976655596425945127e-01 4.276586910000000330e+01
9.976206252603906366e-01 -0.000000000000000000e+00 -6.894264322657850386e-02 -2.551247599999999949e+00 0.000000000000000000e+00 1.000000000000000000e+00 -0.000000000000000000e+00 0.000000000000000000e+00 6.894264322657850386e-02 0.000000000000000000e+00 9.976206252603906366e-01 4.375840000000000174e+01
9.975410093370011833e-01 -0.000000000000000000e+00 -7.008519594691108023e-02 -2.617005830000000088e+00 0.000000000000000000e+00 1.000000000000000000e+00 -0.000000000000000000e+00 0.000000000000000000e+00 7.008519594691108023e-02 0.000000000000000000e+00 9.975410093370011833e-01 4.473730090000000104e+01
9.974815807440434723e-01 -0.000000000000000000e+00 -7.092599013312464451e-02 -2.694075109999999995e+00 0.000000000000000000e+00 9.999999999999998890e-01 -0.000000000000000000e+00 0.000000000000000000e+00 7.092599013312464451e-02 0.000000000000000000e+00 9.974815807440434723e-01 4.574180599999999686e+01
9.974885510366541252e-01 -0.000000000000000000e+00 -7.082789387519668189e-02 -2.780184269999999902e+00 0.000000000000000000e+00 9.999999999999998890e-01 -0.000000000000000000e+00 0.000000000000000000e+00 7.082789387519668189e-02 0.000000000000000000e+00 9.974885510366541252e-01 4.671418380000000070e+01
9.974090133768597211e-01 -0.000000000000000000e+00 -7.193928019239027860e-02 -2.854433300000000173e+00 0.000000000000000000e+00 9.999999999999998890e-01 -0.000000000000000000e+00 0.000000000000000000e+00 7.193928019239027860e-02 0.000000000000000000e+00 9.974090133768597211e-01 4.768276209999999793e+01
9.973487091940554938e-01 -0.000000000000000000e+00 -7.277054533910834455e-02 -2.925767179999999801e+00 0.000000000000000000e+00 9.999999999999998890e-01 -0.000000000000000000e+00 0.000000000000000000e+00 7.277054533910834455e-02 0.000000000000000000e+00 9.973487091940554938e-01 4.864651109999999790e+01
9.973323270300518129e-01 -0.000000000000000000e+00 -7.299472214360204492e-02 -2.989173409999999809e+00 0.000000000000000000e+00 1.000000000000000000e+00 -0.000000000000000000e+00 0.000000000000000000e+00 7.299472214360204492e-02 0.000000000000000000e+00 9.973323270300518129e-01 4.963552469999999772e+01
9.973482743159743924e-01 -0.000000000000000000e+00 -7.277650526748381810e-02 -3.067492489999999794e+00 0.000000000000000000e+00 1.000000000000000000e+00 -0.000000000000000000e+00 0.000000000000000000e+00 7.277650526748381810e-02 0.000000000000000000e+00 9.973482743159743924e-01 5.060115809999999925e+01
9.973396447698528178e-01 -0.000000000000000000e+00 -7.289467038366823082e-02 -3.148961309999999791e+00 0.000000000000000000e+00 1.000000000000000000e+00 -0.000000000000000000e+00 0.000000000000000000e+00 7.289467038366823082e-02 0.000000000000000000e+00 9.973396447698528178e-01 5.156124109999999661e+01
9.973338099568462845e-01 -0.000000000000000000e+00 -7.297445797648259569e-02 -3.221391199999999788e+00 0.000000000000000000e+00 1.000000000000000000e+00 -0.000000000000000000e+00 0.000000000000000000e+00 7.297445797648259569e-02 0.000000000000000000e+00 9.973338099568462845e-01 5.251237110000000285e+01
9.972709615184730536e-01 -0.000000000000000000e+00 -7.382837741695313927e-02 -3.268269539999999918e+00 0.000000000000000000e+00 9.999999999999998890e-01 -0.000000000000000000e+00 0.000000000000000000e+00 7.382837741695313927e-02 0.000000000000000000e+00 9.972709615184730536e-01 5.345441060000000277e+01
9.971940194704201899e-01 -0.000000000000000000e+00 -7.486045372843559698e-02 -3.336123699999999914e+00 0.000000000000000000e+00 1.000000000000000000e+00 -0.000000000000000000e+00 0.000000000000000000e+00 7.486045372843559698e-02 0.000000000000000000e+00 9.971940194704201899e-01 5.438681789999999694e+01
9.971016603273242795e-01 -0.000000000000000000e+00 -7.608073982614092790e-02 -3.410636660000000209e+00 0.000000000000000000e+00 9.999999999999998890e-01 -0.000000000000000000e+00 0.000000000000000000e+00 7.608073982614092790e-02 0.000000000000000000e+00 9.971016603273242795e-01 5.534226610000000335e+01
9.970676151450504898e-01 -0.000000000000000000e+00 -7.652562204230146936e-02 -3.482047800000000137e+00 0.000000000000000000e+00 9.999999999999998890e-01 -0.000000000000000000e+00 0.000000000000000000e+00 7.652562204230146936e-02 0.000000000000000000e+00 9.970676151450504898e-01 5.629569240000000008e+01
9.970516014754245981e-01 -0.000000000000000000e+00 -7.673398201117503925e-02 -3.562844510000000131e+00 0.000000000000000000e+00 1.000000000000000222e+00 -0.000000000000000000e+00 0.000000000000000000e+00 7.673398201117503925e-02 0.000000000000000000e+00 9.970516014754245981e-01 5.722902679999999975e+01
9.968992676998859048e-01 -0.000000000000000000e+00 -7.868830954742289663e-02 -3.633063550000000141e+00 0.000000000000000000e+00 9.999999999999998890e-01 -0.000000000000000000e+00 0.000000000000000000e+00 7.868830954742289663e-02 0.000000000000000000e+00 9.968992676998859048e-01 5.817242050000000120e+01
9.968368325856976631e-01 -0.000000000000000000e+00 -7.947533705819416483e-02 -3.724455830000000134e+00 0.000000000000000000e+00 9.999999999999998890e-01 -0.000000000000000000e+00 0.000000000000000000e+00 7.947533705819416483e-02 0.000000000000000000e+00 9.968368325856976631e-01 5.908894730000000095e+01
9.967281180928516671e-01 -0.000000000000000000e+00 -8.082733821599145940e-02 -3.807587859999999935e+00 0.000000000000000000e+00 9.999999999999998890e-01 -0.000000000000000000e+00 0.000000000000000000e+00 8.082733821599145940e-02 0.000000000000000000e+00 9.967281180928516671e-01 6.000628280000000103e+01
9.966694614695938981e-01 -0.000000000000000000e+00 -8.154743756801770271e-02 -3.881884340000000044e+00 0.000000000000000000e+00 1.000000000000000000e+00 -0.000000000000000000e+00 0.000000000000000000e+00 8.154743756801770271e-02 0.000000000000000000e+00 9.966694614695938981e-01 6.089562610000000120e+01
9.965553496655316090e-01 -0.000000000000000000e+00 -8.293030238103554774e-02 -3.966114759999999961e+00 0.000000000000000000e+00 9.999999999999998890e-01 -0.000000000000000000e+00 0.000000000000000000e+00 8.293030238103554774e-02 0.000000000000000000e+00 9.965553496655316090e-01 6.179374310000000037e+01
9.964755318044699051e-01 -0.000000000000000000e+00 -8.388393478490821509e-02 -4.045073509999999928e+00 0.000000000000000000e+00 9.999999999999998890e-01 -0.000000000000000000e+00 0.000000000000000000e+00 8.388393478490821509e-02 0.000000000000000000e+00 9.964755318044699051e-01 6.267209629999999976e+01
9.963740647539325312e-01 -0.000000000000000000e+00 -8.508068573845900540e-02 -4.124459270000000011e+00 0.000000000000000000e+00 1.000000000000000000e+00 -0.000000000000000000e+00 0.000000000000000000e+00 8.508068573845900540e-02 0.000000000000000000e+00 9.963740647539325312e-01 6.354007339999999715e+01
9.962747636618197733e-01 -0.000000000000000000e+00 -8.623569615063790550e-02 -4.207645890000000222e+00 0.000000000000000000e+00 9.999999999999998890e-01 -0.000000000000000000e+00 0.000000000000000000e+00 8.623569615063790550e-02 0.000000000000000000e+00 9.962747636618197733e-01 6.438472749999999678e+01
9.961457601384758886e-01 -0.000000000000000000e+00 -8.771330889972253630e-02 -4.290924069999999979e+00 0.000000000000000000e+00 1.000000000000000000e+00 -0.000000000000000000e+00 0.000000000000000000e+00 8.771330889972253630e-02 0.000000000000000000e+00 9.961457601384758886e-01 6.524353790000000686e+01
9.960030906101683401e-01 -0.000000000000000000e+00 -8.931877459410503262e-02 -4.355872149999999721e+00 0.000000000000000000e+00 9.999999999999998890e-01 -0.000000000000000000e+00 0.000000000000000000e+00 8.931877459410503262e-02 0.000000000000000000e+00 9.960030906101683401e-01 6.606234739999999306e+01
9.959087849407386450e-01 -0.000000000000000000e+00 -9.036421901317777394e-02 -4.435587410000000119e+00 0.000000000000000000e+00 1.000000000000000000e+00 -0.000000000000000000e+00 0.000000000000000000e+00 9.036421901317777394e-02 0.000000000000000000e+00 9.959087849407386450e-01 6.687026980000000265e+01
9.957704745175494088e-01 -0.000000000000000000e+00 -9.187579702562932715e-02 -4.508212089999999783e+00 0.000000000000000000e+00 1.000000000000000000e+00 -0.000000000000000000e+00 0.000000000000000000e+00 9.187579702562932715e-02 0.000000000000000000e+00 9.957704745175494088e-01 6.766460419999999942e+01
9.956300777661760693e-01 -0.000000000000000000e+00 -9.338494657768986462e-02 -4.580682750000000247e+00 0.000000000000000000e+00 9.999999999999998890e-01 -0.000000000000000000e+00 0.000000000000000000e+00 9.338494657768986462e-02 0.000000000000000000e+00 9.956300777661760693e-01 6.844501499999999794e+01
9.954535521770906392e-01 -0.000000000000000000e+00 -9.524823073428875797e-02 -4.662868020000000335e+00 0.000000000000000000e+00 1.000000000000000000e+00 -0.000000000000000000e+00 0.000000000000000000e+00 9.524823073428875797e-02 0.000000000000000000e+00 9.954535521770906392e-01 6.924042509999999595e+01
9.953404303858972568e-01 -0.000000000000000000e+00 -9.642316961818303556e-02 -4.744286540000000052e+00 0.000000000000000000e+00 1.000000000000000000e+00 -0.000000000000000000e+00 0.000000000000000000e+00 9.642316961818303556e-02 0.000000000000000000e+00 9.953404303858972568e-01 6.998174290000000042e+01
9.952469260367355908e-01 -0.000000000000000000e+00 -9.738355207338010577e-02 -4.824684139999999566e+00 0.000000000000000000e+00 1.000000000000000000e+00 -0.000000000000000000e+00 0.000000000000000000e+00 9.738355207338010577e-02 0.000000000000000000e+00 9.952469260367355908e-01 7.069609830000000272e+01
9.950867662501781119e-01 -0.000000000000000000e+00 -9.900670499397296043e-02 -4.886952400000000196e+00 0.000000000000000000e+00 1.000000000000000000e+00 -0.000000000000000000e+00 0.000000000000000000e+00 9.900670499397296043e-02 0.000000000000000000e+00 9.950867662501781119e-01 7.140845489999999529e+01
9.950491086729827961e-01 -0.000000000000000000e+00 -9.938446221166639949e-02 -4.961656569999999711e+00 0.000000000000000000e+00 9.999999999999998890e-01 -0.000000000000000000e+00 0.000000000000000000e+00 9.938446221166639949e-02 0.000000000000000000e+00 9.950491086729827961e-01 7.210089109999999835e+01
9.949626872576680103e-01 -0.000000000000000000e+00 -1.002459523621770654e-01 -5.036418910000000082e+00 0.000000000000000000e+00 1.000000000000000000e+00 -0.000000000000000000e+00 0.000000000000000000e+00 1.002459523621770654e-01 0.000000000000000000e+00 9.949626872576680103e-01 7.277749629999999570e+01
9.948474683253776263e-01 -0.000000000000000000e+00 -1.013830102462269511e-01 -5.113956449999999876e+00 0.000000000000000000e+00 1.000000000000000000e+00 -0.000000000000000000e+00 0.000000000000000000e+00 1.013830102462269511e-01 0.000000000000000000e+00 9.948474683253776263e-01 7.343183899999999653e+01
9.947218311789073342e-01 -0.000000000000000000e+00 -1.026083747853050593e-01 -5.172877309999999618e+00 0.000000000000000000e+00 1.000000000000000222e+00 -0.000000000000000000e+00 0.000000000000000000e+00 1.026083747853050593e-01 0.000000000000000000e+00 9.947218311789073342e-01 7.405908970000000124e+01
9.946795474341009191e-01 -0.000000000000000000e+00 -1.030174641325069806e-01 -5.218229290000000020e+00 0.000000000000000000e+00 1.000000000000000000e+00 -0.000000000000000000e+00 0.000000000000000000e+00 1.030174641325069806e-01 0.000000000000000000e+00 9.946795474341009191e-01 7.468016049999999950e+01
9.947808285281165563e-01 -0.000000000000000000e+00 -1.020348136319848137e-01 -5.274523740000000238e+00 0.000000000000000000e+00 1.000000000000000000e+00 -0.000000000000000000e+00 0.000000000000000000e+00 1.020348136319848137e-01 0.000000000000000000e+00 9.947808285281165563e-01 7.527374269999999967e+01
9.951118973457476757e-01 -0.000000000000000000e+00 -9.875379365344098825e-02 -5.339087959999999633e+00 0.000000000000000000e+00 1.000000000000000222e+00 -0.000000000000000000e+00 0.000000000000000000e+00 9.875379365344098825e-02 0.000000000000000000e+00 9.951118973457476757e-01 7.586865229999999372e+01
9.955139471134886175e-01 -0.000000000000000000e+00 -9.461490951495045432e-02 -5.401476380000000077e+00 0.000000000000000000e+00 1.000000000000000000e+00 -0.000000000000000000e+00 0.000000000000000000e+00 9.461490951495045432e-02 0.000000000000000000e+00 9.955139471134886175e-01 7.643748469999999884e+01
9.959345489240163385e-01 -0.000000000000000000e+00 -9.007982160015672035e-02 -5.452178479999999716e+00 0.000000000000000000e+00 1.000000000000000000e+00 -0.000000000000000000e+00 0.000000000000000000e+00 9.007982160015672035e-02 0.000000000000000000e+00 9.959345489240163385e-01 7.699566649999999868e+01
9.964288732696793272e-01 -0.000000000000000000e+00 -8.443636961947871555e-02 -5.484433169999999969e+00 0.000000000000000000e+00 1.000000000000000000e+00 -0.000000000000000000e+00 0.000000000000000000e+00 8.443636961947871555e-02 0.000000000000000000e+00 9.964288732696793272e-01 7.754753879999999810e+01
9.971008594315716733e-01 -0.000000000000000000e+00 -7.609123550594477925e-02 -5.520478250000000031e+00 0.000000000000000000e+00 1.000000000000000000e+00 -0.000000000000000000e+00 0.000000000000000000e+00 7.609123550594477925e-02 0.000000000000000000e+00 9.971008594315716733e-01 7.808071900000000198e+01
9.978737995992456034e-01 -0.000000000000000000e+00 -6.517576292890280010e-02 -5.557809350000000315e+00 0.000000000000000000e+00 9.999999999999998890e-01 -0.000000000000000000e+00 0.000000000000000000e+00 6.517576292890280010e-02 0.000000000000000000e+00 9.978737995992456034e-01 7.859274290000000462e+01
9.987367607661432611e-01 -0.000000000000000000e+00 -5.024821085721783986e-02 -5.581441400000000108e+00 0.000000000000000000e+00 1.000000000000000000e+00 -0.000000000000000000e+00 0.000000000000000000e+00 5.024821085721783986e-02 0.000000000000000000e+00 9.987367607661432611e-01 7.909582519999999306e+01
9.994836592783609142e-01 -0.000000000000000000e+00 -3.213121279281687392e-02 -5.594939229999999597e+00 0.000000000000000000e+00 1.000000000000000000e+00 -0.000000000000000000e+00 0.000000000000000000e+00 3.213121279281687392e-02 0.000000000000000000e+00 9.994836592783609142e-01 7.960323329999999942e+01
9.999515760452289959e-01 -0.000000000000000000e+00 -9.841014412288826702e-03 -5.588567730000000289e+00 0.000000000000000000e+00 1.000000000000000222e+00 -0.000000000000000000e+00 0.000000000000000000e+00 9.841014412288826702e-03 0.000000000000000000e+00 9.999515760452289959e-01 8.008538819999999703e+01
9.998671204137253854e-01 0.000000000000000000e+00 1.630158015546050859e-02 -5.558339600000000047e+00 0.000000000000000000e+00 1.000000000000000000e+00 0.000000000000000000e+00 0.000000000000000000e+00 -1.630158015546050859e-02 0.000000000000000000e+00 9.998671204137253854e-01 8.053923799999999744e+01
9.989464803310066365e-01 0.000000000000000000e+00 4.589040677847515404e-02 -5.514436240000000211e+00 0.000000000000000000e+00 1.000000000000000000e+00 0.000000000000000000e+00 0.000000000000000000e+00 -4.589040677847515404e-02 0.000000000000000000e+00 9.989464803310066365e-01 8.099905400000000100e+01
9.968874714834479178e-01 0.000000000000000000e+00 7.883761284651988333e-02 -5.461510660000000073e+00 0.000000000000000000e+00 1.000000000000000000e+00 0.000000000000000000e+00 0.000000000000000000e+00 -7.883761284651988333e-02 0.000000000000000000e+00 9.968874714834479178e-01 8.145265960000000405e+01
9.932050982975644260e-01 0.000000000000000000e+00 1.163771142266612491e-01 -5.384847159999999633e+00 0.000000000000000000e+00 1.000000000000000000e+00 0.000000000000000000e+00 0.000000000000000000e+00 -1.163771142266612491e-01 0.000000000000000000e+00 9.932050982975644260e-01 8.189820860000000380e+01
9.874109935463996068e-01 0.000000000000000000e+00 1.581756296769893655e-01 -5.295087810000000061e+00 0.000000000000000000e+00 1.000000000000000000e+00 0.000000000000000000e+00 0.000000000000000000e+00 -1.581756296769893655e-01 0.000000000000000000e+00 9.874109935463996068e-01 8.231435390000000041e+01
9.790850910141553065e-01 0.000000000000000000e+00 2.034511846950108338e-01 -5.191230769999999772e+00 0.000000000000000000e+00 1.000000000000000000e+00 0.000000000000000000e+00 0.000000000000000000e+00 -2.034511846950108338e-01 0.000000000000000000e+00 9.790850910141553065e-01 8.274463649999999859e+01
9.677122605913546227e-01 0.000000000000000000e+00 2.520574948323702769e-01 -5.056333069999999985e+00 0.000000000000000000e+00 1.000000000000000000e+00 0.000000000000000000e+00 0.000000000000000000e+00 -2.520574948323702769e-01 0.000000000000000000e+00 9.677122605913546227e-01 8.313921360000000504e+01
9.521143908921753107e-01 0.000000000000000000e+00 3.057420263163406760e-01 -4.910478590000000310e+00 0.000000000000000000e+00 9.999999999999998890e-01 0.000000000000000000e+00 0.000000000000000000e+00 -3.057420263163406760e-01 0.000000000000000000e+00 9.521143908921753107e-01 8.352312469999999678e+01
9.322960547169527601e-01 0.000000000000000000e+00 3.616960966878196571e-01 -4.726096150000000051e+00 0.000000000000000000e+00 1.000000000000000000e+00 0.000000000000000000e+00 0.000000000000000000e+00 -3.616960966878196571e-01 0.000000000000000000e+00 9.322960547169527601e-01 8.390528109999999629e+01
9.080988251422473789e-01 0.000000000000000000e+00 4.187559238688691732e-01 -4.535880090000000031e+00 0.000000000000000000e+00 1.000000000000000000e+00 0.000000000000000000e+00 0.000000000000000000e+00 -4.187559238688691732e-01 0.000000000000000000e+00 9.080988251422473789e-01 8.423438260000000355e+01
8.792844132825150538e-01 0.000000000000000000e+00 4.762970927461382398e-01 -4.317131520000000222e+00 0.000000000000000000e+00 1.000000000000000000e+00 0.000000000000000000e+00 0.000000000000000000e+00 -4.762970927461382398e-01 0.000000000000000000e+00 8.792844132825150538e-01 8.455180359999999951e+01
8.455498026446685023e-01 0.000000000000000000e+00 5.338965548189670285e-01 -4.084157470000000068e+00 0.000000000000000000e+00 1.000000000000000000e+00 0.000000000000000000e+00 0.000000000000000000e+00 -5.338965548189670285e-01 0.000000000000000000e+00 8.455498026446685023e-01 8.485588839999999777e+01
8.087498488258222373e-01 0.000000000000000000e+00 5.881527709908451751e-01 -3.821393009999999979e+00 0.000000000000000000e+00 1.000000000000000000e+00 0.000000000000000000e+00 0.000000000000000000e+00 -5.881527709908451751e-01 0.000000000000000000e+00 8.087498488258222373e-01 8.514169309999999768e+01
7.691137765511903979e-01 0.000000000000000000e+00 6.391118827867038332e-01 -3.544452670000000083e+00 0.000000000000000000e+00 1.000000000000000000e+00 0.000000000000000000e+00 0.000000000000000000e+00 -6.391118827867038332e-01 0.000000000000000000e+00 7.691137765511903979e-01 8.540476990000000512e+01
7.268119827430631341e-01 0.000000000000000000e+00 6.868364737993298830e-01 -3.250381470000000217e+00 0.000000000000000000e+00 1.000000000000000000e+00 0.000000000000000000e+00 0.000000000000000000e+00 -6.868364737993298830e-01 0.000000000000000000e+00 7.268119827430631341e-01 8.564670560000000421e+01
6.815733353624047197e-01 0.000000000000000000e+00 7.317498127932573482e-01 -2.943353650000000155e+00 0.000000000000000000e+00 1.000000000000000000e+00 0.000000000000000000e+00 0.000000000000000000e+00 -7.317498127932573482e-01 0.000000000000000000e+00 6.815733353624047197e-01 8.587733459999999752e+01
6.364683250389351343e-01 0.000000000000000000e+00 7.713028401491416330e-01 -2.611925129999999928e+00 0.000000000000000000e+00 1.000000000000000000e+00 0.000000000000000000e+00 0.000000000000000000e+00 -7.713028401491416330e-01 0.000000000000000000e+00 6.364683250389351343e-01 8.606556700000000149e+01
5.897600910258156137e-01 0.000000000000000000e+00 8.075785008488163275e-01 -2.270935059999999783e+00 0.000000000000000000e+00 1.000000000000000000e+00 0.000000000000000000e+00 0.000000000000000000e+00 -8.075785008488163275e-01 0.000000000000000000e+00 5.897600910258156137e-01 8.625350950000000694e+01
5.443846444171381860e-01 0.000000000000000000e+00 8.388357162894447550e-01 -1.928745270000000067e+00 0.000000000000000000e+00 9.999999999999998890e-01 0.000000000000000000e+00 0.000000000000000000e+00 -8.388357162894447550e-01 0.000000000000000000e+00 5.443846444171381860e-01 8.641025539999999694e+01
4.975245572023701546e-01 0.000000000000000000e+00 8.674498919134094876e-01 -1.588897709999999908e+00 0.000000000000000000e+00 1.000000000000000222e+00 0.000000000000000000e+00 0.000000000000000000e+00 -8.674498919134094876e-01 0.000000000000000000e+00 4.975245572023701546e-01 8.655435939999999562e+01
4.526311816941728794e-01 0.000000000000000000e+00 8.916978262607443417e-01 -1.244358059999999933e+00 0.000000000000000000e+00 1.000000000000000000e+00 0.000000000000000000e+00 0.000000000000000000e+00 -8.916978262607443417e-01 0.000000000000000000e+00 4.526311816941728794e-01 8.668283080000000496e+01
4.100763820768892898e-01 0.000000000000000000e+00 9.120511832472611990e-01 -8.928604129999999639e-01 0.000000000000000000e+00 1.000000000000000000e+00 0.000000000000000000e+00 0.000000000000000000e+00 -9.120511832472611990e-01 0.000000000000000000e+00 4.100763820768892898e-01 8.679618069999999364e+01
3.707159190173888175e-01 0.000000000000000000e+00 9.287463094877377312e-01 -5.159378049999999716e-01 0.000000000000000000e+00 1.000000000000000000e+00 0.000000000000000000e+00 0.000000000000000000e+00 -9.287463094877377312e-01 0.000000000000000000e+00 3.707159190173888175e-01 8.689975739999999860e+01
3.362415675283848548e-01 0.000000000000000000e+00 9.417757738793530731e-01 -1.522712710000000136e-01 0.000000000000000000e+00 9.999999999999998890e-01 0.000000000000000000e+00 0.000000000000000000e+00 -9.417757738793530731e-01 0.000000000000000000e+00 3.362415675283848548e-01 8.697953029999999330e+01
3.030265123473807609e-01 0.000000000000000000e+00 9.529821261779166663e-01 2.218437189999999948e-01 0.000000000000000000e+00 1.000000000000000000e+00 0.000000000000000000e+00 0.000000000000000000e+00 -9.529821261779166663e-01 0.000000000000000000e+00 3.030265123473807609e-01 8.708209229999999934e+01
2.702567848804882655e-01 0.000000000000000000e+00 9.627882790240341881e-01 5.797271729999999845e-01 0.000000000000000000e+00 1.000000000000000000e+00 0.000000000000000000e+00 0.000000000000000000e+00 -9.627882790240341881e-01 0.000000000000000000e+00 2.702567848804882655e-01 8.718670649999999966e+01
2.418768261731037983e-01 0.000000000000000000e+00 9.703069622343366563e-01 9.598579409999999923e-01 0.000000000000000000e+00 1.000000000000000000e+00 0.000000000000000000e+00 0.000000000000000000e+00 -9.703069622343366563e-01 0.000000000000000000e+00 2.418768261731037983e-01 8.726944729999999595e+01
2.162644768969316789e-01 0.000000000000000000e+00 9.763348175869263068e-01 1.349197390000000052e+00 0.000000000000000000e+00 1.000000000000000000e+00 0.000000000000000000e+00 0.000000000000000000e+00 -9.763348175869263068e-01 0.000000000000000000e+00 2.162644768969316789e-01 8.733483889999999406e+01
1.931165108955386067e-01 0.000000000000000000e+00 9.811758319585400789e-01 1.770477290000000092e+00 0.000000000000000000e+00 1.000000000000000000e+00 0.000000000000000000e+00 0.000000000000000000e+00 -9.811758319585400789e-01 0.000000000000000000e+00 1.931165108955386067e-01 8.740020749999999339e+01
1.739092607135137580e-01 0.000000000000000000e+00 9.847616813412669590e-01 2.179405210000000093e+00 0.000000000000000000e+00 1.000000000000000000e+00 0.000000000000000000e+00 0.000000000000000000e+00 -9.847616813412669590e-01 0.000000000000000000e+00 1.739092607135137580e-01 8.743775180000000091e+01
1.543673102461944890e-01 0.000000000000000000e+00 9.880135290204051790e-01 2.611297609999999825e+00 0.000000000000000000e+00 1.000000000000000000e+00 0.000000000000000000e+00 0.000000000000000000e+00 -9.880135290204051790e-01 0.000000000000000000e+00 1.543673102461944890e-01 8.749448390000000586e+01
1.365032070420370558e-01 0.000000000000000000e+00 9.906396289606219652e-01 3.048294069999999856e+00 0.000000000000000000e+00 1.000000000000000000e+00 0.000000000000000000e+00 0.000000000000000000e+00 -9.906396289606219652e-01 0.000000000000000000e+00 1.365032070420370558e-01 8.755335999999999785e+01
1.211528417677196212e-01 0.000000000000000000e+00 9.926338644896244290e-01 3.509521480000000082e+00 0.000000000000000000e+00 1.000000000000000000e+00 0.000000000000000000e+00 0.000000000000000000e+00 -9.926338644896244290e-01 0.000000000000000000e+00 1.211528417677196212e-01 8.760359950000000140e+01
1.066528773974960154e-01 0.000000000000000000e+00 9.942963158650618416e-01 3.970985409999999938e+00 0.000000000000000000e+00 1.000000000000000222e+00 0.000000000000000000e+00 0.000000000000000000e+00 -9.942963158650618416e-01 0.000000000000000000e+00 1.066528773974960154e-01 8.764716339999999661e+01
9.399159428896852742e-02 0.000000000000000000e+00 9.955729908967085873e-01 4.457527159999999711e+00 0.000000000000000000e+00 9.999999999999998890e-01 0.000000000000000000e+00 0.000000000000000000e+00 -9.955729908967085873e-01 0.000000000000000000e+00 9.399159428896852742e-02 8.767808530000000644e+01
8.358571878869092142e-02 0.000000000000000000e+00 9.965005908751776165e-01 4.953208919999999793e+00 0.000000000000000000e+00 1.000000000000000000e+00 0.000000000000000000e+00 0.000000000000000000e+00 -9.965005908751776165e-01 0.000000000000000000e+00 8.358571878869092142e-02 8.770515439999999785e+01
7.488849854403345496e-02 0.000000000000000000e+00 9.971919137186283644e-01 5.470024109999999773e+00 0.000000000000000000e+00 1.000000000000000000e+00 0.000000000000000000e+00 0.000000000000000000e+00 -9.971919137186283644e-01 0.000000000000000000e+00 7.488849854403345496e-02 8.773509980000000041e+01
6.866586014932279936e-02 0.000000000000000000e+00 9.976397143508040077e-01 6.011177059999999628e+00 0.000000000000000000e+00 1.000000000000000000e+00 0.000000000000000000e+00 0.000000000000000000e+00 -9.976397143508040077e-01 0.000000000000000000e+00 6.866586014932279936e-02 8.776742550000000165e+01
