1 0 0 0 0 1 0 0 0 0 1 0
0.999991536 -0.00235623238 -0.00337842898 -0.00395331718 0.00234862324 0.999994695 -0.00225447468 -0.00341103692 0.00338372309 0.00224652095 0.999991775 0.666553199
0.999972045 -0.00104617933 -0.00739991199 -0.0156418327 0.00102001429 0.999993205 -0.00353874569 -0.0108777834 0.00740356417 0.00353109883 0.999966383 1.35609221
0.999939322 -0.000870235846 -0.0109842047 -0.0388149582 0.000813001534 0.999986053 -0.00521399407 -0.0115007507 0.0109885894 0.00520474743 0.99992609 2.05563474
0.999871254 0.000520219968 -0.016039161 -0.0556026287 -0.00061471865 0.999982476 -0.00588738034 -0.0141534628 0.0160358176 0.00589648169 0.999854028 2.78725886
0.999794722 -0.000593220815 -0.0202538669 -0.0733836517 0.000470611383 0.999981523 -0.00605786033 -0.0234685931 0.0202570856 0.00604708493 0.999776542 3.52449632
0.999693334 0.00111678371 -0.0247393139 -0.0998369902 -0.00130054704 0.999971688 -0.00741314655 -0.0286177602 0.0247303341 0.00744304759 0.999666452 4.2765317
0.999555826 0.00348111661 -0.0295983013 -0.131955937 -0.00371912564 0.999961138 -0.00799006037 -0.0366061255 0.0295693371 0.00809659064 0.999529958 5.04987812
0.999412537 0.00387375033 -0.0340528563 -0.166831046 -0.00408638082 0.999972582 -0.00617674924 -0.0494620204 0.0340279937 0.00631227344 0.999400973 5.83713913
0.999249756 0.00340754422 -0.0385784842 -0.196667388 -0.0035499942 0.999987125 -0.00362456823 -0.052399613 0.0385656357 0.00375880231 0.999248981 6.63954735
0.999128759 0.00293570221 -0.041630771 -0.24185659 -0.00296335202 0.99999541 -0.000602470245 -0.0656802431 0.0416288115 0.000725311984 0.999132872 7.44878244
0.999008477 0.00443907781 -0.0442984514 -0.287169576 -0.00452044234 0.999988258 -0.00173672673 -0.0715738013 0.0442902222 0.00193525327 0.999016821 8.2547369
0.998907149 0.00405773055 -0.0465617813 -0.324262172 -0.00415172987 0.99998951 -0.00192227249 -0.077376239 0.0465534925 0.00211348385 0.998913586 9.07027912
0.998822868 0.0016225439 -0.048478853 -0.365081131 -0.00175424339 0.999994874 -0.00267421594 -0.0825770944 0.0484742671 0.00275611179 0.998820603 9.90095615
0.998725533 0.000905305264 -0.0504623577 -0.411641419 -0.00100825017 0.999997437 -0.00201461534 -0.0872132182 0.0504604056 0.00206292653 0.998723924 10.7351837
0.998642623 -0.000975001662 -0.0520767383 -0.446935862 0.000859986932 0.999997139 -0.00223092479 -0.0956580862 0.0520787649 0.00218311115 0.998640597 11.584281
0.998549879 0.00146698463 -0.0538138449 -0.502255797 -0.00170541031 0.999988914 -0.00438490976 -0.107417643 0.0538068153 0.00447032601 0.998541355 12.4409723
0.998471141 0.00177966966 -0.0552470163 -0.554918408 -0.00216479856 0.999973774 -0.006911973 -0.118245192 0.0552332662 0.00702100433 0.998448789 13.3048172
0.998362422 0.00591388205 -0.0568991341 -0.612797976 -0.00640408043 0.999943912 -0.00843673758 -0.131650075 0.0568460487 0.00878730789 0.998344302 14.1850319
0.998294353 0.00705194613 -0.0579538681 -0.669767976 -0.00753200334 0.999939084 -0.0080691753 -0.144758984 0.0578934327 0.00849192124 0.998286664 15.0805893
0.998220623 0.00635192916 -0.0592890345 -0.730288029 -0.00674787303 0.99995625 -0.00648037763 -0.161633983 0.0592452772 0.00686892169 0.998219848 15.9731684
0.998155475 0.00692769233 -0.060313344 -0.785550356 -0.00724864658 0.999960721 -0.00510427728 -0.16934143 0.0602756105 0.00553205237 0.998166442 16.862421
0.998080075 0.00664057164 -0.0615796894 -0.841960609 -0.00696026161 0.999963403 -0.0049784272 -0.18551302 0.0615443736 0.00539747952 0.998089731 17.7721138
0.997987986 0.00662015332 -0.0630567446 -0.904101491 -0.00702416757 0.999956191 -0.00618763128 -0.196254894 0.0630130172 0.00661810255 0.997990787 18.6709633
0.997924268 0.00528196851 -0.0641811341 -0.95900774 -0.00571954576 0.999961615 -0.00663602771 -0.211336017 0.0641436204 0.00698933983 0.997916222 19.5827179
0.997876465 0.00498449476 -0.0649436265 -1.01304734 -0.00531430542 0.999973834 -0.00490665622 -0.224723071 0.0649174675 0.00524136703 0.997876883 20.4986744
0.997857094 0.00694371294 -0.0650616363 -1.07749236 -0.00704538496 0.99997431 -0.00133339013 -0.237617105 0.0650507063 0.00178891711 0.99788034 21.4306049
0.997915149 0.00766588701 -0.0640825704 -1.14100718 -0.00753314141 0.999968946 0.00231284229 -0.245002329 0.0640983135 -0.00182527734 0.997941911 22.3627243
0.99802494 0.00680746371 -0.0624485947 -1.20329869 -0.0064836666 0.999964476 0.00538619515 -0.254822135 0.0624830425 -0.00497066136 0.998033643 23.2972851
0.998134017 0.00690782117 -0.0606696084 -1.27045929 -0.00654347707 0.99995935 0.00620200904 -0.261154085 0.0607099868 -0.00579344574 0.998138607 24.2381229
0.998222351 0.00715786172 -0.059168078 -1.33308089 -0.00697817747 0.999970376 0.00324291224 -0.264963806 0.0591895394 -0.00282426225 0.998242795 25.1781502
0.99827069 0.00761644309 -0.0582892634 -1.39113915 -0.00771588134 0.999969125 -0.0014810632 -0.274221987 0.0582761839 0.00192825496 0.998298645 26.1186981
0.998319089 0.00692925137 -0.0575412028 -1.44327486 -0.00718659069 0.999965072 -0.00426652934 -0.282482713 0.0575096272 0.00467288261 0.998333991 27.1005592
0.998374999 0.00403783191 -0.0568427108 -1.49138057 -0.00423303014 0.999985576 -0.00331401615 -0.290478885 0.0568285063 0.00354924775 0.998377621 28.0570221
0.998383284 0.00270902133 -0.0567758642 -1.55469608 -0.00261552283 0.999995112 0.00172104605 -0.303160906 0.0567802452 -0.00156976504 0.998385489 29.0347023
0.998362243 -0.0011490084 -0.0571971163 -1.61841261 0.00146306586 0.999984086 0.00544921868 -0.3167696 0.0571899451 -0.00552397734 0.998348057 30.0096836
0.998259783 -0.0078265164 -0.0584474802 -1.65807712 0.00809745863 0.999957561 0.00440025004 -0.322158068 0.0584105588 -0.00486586895 0.998280764 30.9723034
0.998169839 -0.010359399 -0.0595786944 -1.71943557 0.0104205627 0.999945462 0.000715986476 -0.329116136 0.0595680289 -0.0013355196 0.998223364 31.951437
0.998099804 -0.00995797012 -0.0608080253 -1.78560781 0.00978099182 0.999947011 -0.00320741767 -0.336917579 0.0608367436 0.00260656024 0.998144329 32.9321671
0.997932196 -0.00868081674 -0.0636863708 -1.84005392 0.00843081344 0.999955654 -0.00419322914 -0.345168859 0.0637199506 0.0036476308 0.997961164 33.9271317
0.997927725 -0.00868024305 -0.0637565032 -1.91971982 0.00855180435 0.99996084 -0.00228714664 -0.366521716 0.0637738556 0.00173717388 0.997962892 34.9148178
0.997862875 -0.00530568138 -0.065127328 -1.98357403 0.00533239869 0.999985754 0.00023640666 -0.376858234 0.065125145 -0.00058318628 0.997876942 35.8983917
0.997781992 -0.00502583431 -0.0663766339 -2.04845643 0.00515211001 0.999985218 0.00173137255 -0.39237988 0.0663669556 -0.00206951215 0.997793138 36.8888702
0.997712672 -0.00398880383 -0.0674798712 -2.11436224 0.00428393623 0.99998188 0.00422949716 -0.399879217 0.0674617738 -0.00450890232 0.997711658 37.8487473
0.997726619 -0.00366709754 -0.067291677 -2.1810267 0.00416791579 0.999964654 0.00730361417 -0.409984231 0.0672625154 -0.00756747602 0.997706592 38.8462868
0.997666538 0.00197834405 -0.0682466626 -2.25143981 -0.00133392366 0.999954104 0.0094867982 -0.416007638 0.0682622939 -0.00937362574 0.997623384 39.8154755
0.997660041 0.00276057282 -0.068313919 -2.3250072 -0.00217156298 0.999959826 0.00869486667 -0.422858626 0.0683351755 -0.00852617342 0.997626007 40.7973633
0.997664213 0.00273273 -0.0682540461 -2.39427876 -0.00227549742 0.99997443 0.00677582994 -0.423949033 0.0682708174 -0.00660469104 0.997644961 41.7770386
0.99765414 0.00507315015 -0.0682673007 -2.47161055 -0.00476764888 0.999977887 0.00463725906 -0.431397229 0.0682893172 -0.00430090632 0.997656286 42.7658691
0.997613549 0.00407252228 -0.0689248517 -2.5512476 -0.0037593171 0.999981999 0.00467325188 -0.435404271 0.0689426437 -0.00440298906 0.997610927 43.7584
0.997539103 0.00236776844 -0.0700726882 -2.61700583 -0.00196292554 0.999980986 0.00584576698 -0.444650948 0.0700851977 -0.00569383381 0.997524738 44.7373009
0.997479498 0.00251451321 -0.070910342 -2.69407511 -0.00202572509 0.999973714 0.00696411403 -0.449754596 0.0709259883 -0.00680291653 0.997458398 45.741806
0.997475684 0.00529581169 -0.0708111227 -2.78018427 -0.00506655453 0.999981344 0.0034168032 -0.461524785 0.0708278939 -0.00304940972 0.997483909 46.7141838
0.997389615 0.00614338368 -0.0719462857 -2.8544333 -0.00622483855 0.999980211 -0.000907996029 -0.46887663 0.0719392821 0.00135347981 0.997408092 47.6827621
0.997327209 0.00635578111 -0.0727872849 -2.92576718 -0.00654468546 0.999975801 -0.00235708524 -0.470625252 0.0727705434 0.00282715517 0.997344732 48.6465111
0.997322738 0.00447538961 -0.0729888678 -2.98917341 -0.00437888969 0.999989331 0.0014820894 -0.485168666 0.0729947239 -0.00115851115 0.997331679 49.6355247
0.997345805 0.00252437033 -0.072766304 -3.06749249 -0.00221091579 0.9999879 0.00438791513 -0.494150639 0.0727765039 -0.00421538902 0.997339368 50.6011581
0.997338772 0.00167314662 -0.0728873536 -3.14896131 -0.00131649291 0.999986947 0.00494098477 -0.506595552 0.0728946701 -0.00483188033 0.997327924 51.5612411
0.997331858 -0.00169242173 -0.0729815736 -3.2213912 0.00197542924 0.999990821 0.00380578754 -0.517283916 0.0729744583 -0.00393980276 0.997326016 52.5123711
0.997260809 -0.00427765492 -0.073841475 -3.26826954 0.00449809944 0.999985933 0.00281933229 -0.532714784 0.0738283768 -0.00314375572 0.997265995 53.4544106
0.997174144 -0.00598007534 -0.0748863295 -3.3361237 0.00629568053 0.999972284 0.00397910317 -0.543181002 0.0748604536 -0.00443931902 0.997184157 54.3868179
0.997056603 -0.0088658575 -0.0761545748 -3.41063666 0.0094785504 0.999925554 0.0076877079 -0.545245409 0.0760807395 -0.00838691462 0.997066379 55.3422661
0.99700737 -0.00991476327 -0.0766679719 -3.4820478 0.0109594185 0.999852598 0.01321699 -0.556078196 0.0765256211 -0.0140176732 0.996969044 56.2956924
0.997010589 -0.00786419492 -0.0768641308 -3.56284451 0.00904630031 0.999845922 0.0150430892 -0.554338336 0.0767339841 -0.0156934541 0.996928096 57.2290268
0.996869206 -0.00683701225 -0.0787719339 -3.63306355 0.00774029316 0.999907672 0.0111674163 -0.558077931 0.0786883086 -0.0117421718 0.996830106 58.1724205
0.996821046 -0.00532457326 -0.0794947743 -3.72445583 0.00560727995 0.999978721 0.00333348312 -0.559774041 0.0794753358 -0.00376863545 0.996829689 59.0889473
0.99672395 -0.00301331491 -0.0808229148 -3.80758786 0.00289223786 0.999994516 -0.00161508413 -0.570933044 0.0808273405 0.00137603388 0.996727169 60.0062828
0.996668041 0.00161690102 -0.0815490037 -3.88188434 -0.00169375271 0.999998212 -0.000873230456 -0.5804618 0.0815474391 0.0010084447 0.996668935 60.8956261
0.996545851 0.00449177437 -0.0829230472 -3.96611476 -0.00435579754 0.999988854 0.0018206347 -0.59907186 0.0829303041 -0.00145314995 0.996554315 61.7937431
0.996450067 0.00735808257 -0.0838635564 -4.04507351 -0.00712206261 0.99996978 0.00311316038 -0.61292845 0.0838839337 -0.00250482745 0.996472359 62.6720963
0.996341109 0.00832687505 -0.085058786 -4.12445927 -0.00810013525 0.999962687 0.00301046344 -0.625159562 0.0850806832 -0.0023104609 0.996371388 63.5400734
0.996230721 0.00967960618 -0.0862010419 -4.20764589 -0.00936587155 0.999947965 0.0040432564 -0.637804806 0.0862356946 -0.00322066806 0.996269584 64.3847275
0.996091664 0.0107238684 -0.0876720473 -4.29092407 -0.0103810197 0.999936581 0.00436560065 -0.644297183 0.0877133086 -0.00343841314 0.996139824 65.2435379
0.995958865 0.00979344267 -0.0892750099 -4.35587215 -0.00938593969 0.999943554 0.00498325005 -0.656026244 0.0893187746 -0.00412518205 0.995994568 66.0623474
0.995866537 0.00967630558 -0.0903115869 -4.43558741 -0.00917179231 0.999939919 0.00599971227 -0.663017273 0.0903642178 -0.00514659379 0.995895505 66.8702698
0.995701373 0.012492883 -0.0917755216 -4.50821209 -0.011732704 0.999892294 0.00881791394 -0.671341062 0.091875799 -0.00770323398 0.995740652 67.6646042
0.995547712 0.0139700258 -0.0932176709 -4.58068275 -0.0128042195 0.999832332 0.013092705 -0.680675447 0.0933849439 -0.0118408334 0.995559692 68.445015
0.99533689 0.0165830702 -0.0950234607 -4.66286802 -0.0152391111 0.999773562 0.0148517713 -0.681876421 0.0952482298 -0.0133344429 0.995364249 69.2404251
0.995173275 0.0191892944 -0.09623909 -4.74428654 -0.0182418134 0.999776185 0.0107153412 -0.689063609 0.0964231715 -0.00890804548 0.995300591 69.9817429
0.995052874 0.0198941473 -0.0973343924 -4.82468414 -0.0196521245 0.99980092 0.0034446693 -0.700646758 0.0973835513 -0.00151480059 0.995245755 70.6960983
0.994904041 0.0187480766 -0.0990679488 -4.8869524 -0.019068867 0.999815524 -0.0022921043 -0.707996607 0.099006705 0.00416953722 0.995078027 71.4084549
0.994850695 0.019419454 -0.0994737223 -4.96165657 -0.0198712088 0.999796212 -0.0035525905 -0.712647736 0.0993844643 0.00551096024 0.99503386 72.1008911
0.99471432 0.0221453086 -0.100264743 -5.03641891 -0.0222302321 0.99975282 0.000270348944 -0.726639509 0.100245953 0.00195998838 0.994960785 72.7774963
0.99458915 0.0228053741 -0.101352319 -5.11395645 -0.0226685703 0.999739885 0.00250144955 -0.742091 0.101383008 -0.000190402294 0.994847476 73.431839
0.994533241 0.0191855412 -0.102642834 -5.17287731 -0.0193689987 0.999812067 -0.000790864986 -0.754607439 0.102608375 0.00277463021 0.994717956 74.0590897
0.994611681 0.0109556438 -0.10309013 -5.21822929 -0.0116191031 0.999915481 -0.00583739951 -0.771896899 0.103017464 0.00700376043 0.994654894 74.6801605
0.994748235 0.00691709295 -0.102118209 -5.27452374 -0.00805433467 0.999909997 -0.0107283928 -0.780118287 0.102034815 0.0114945434 0.994714439 75.2737427
0.995059967 0.00903988257 -0.0988633856 -5.33908796 -0.0101674637 0.999888837 -0.0109075559 -0.792243123 0.098753795 0.0118588619 0.995041251 75.8686523
0.995400488 0.0142295072 -0.0947383717 -5.40147638 -0.0150285643 0.999857187 -0.00772617524 -0.806627035 0.0946149081 0.00911442097 0.995472193 76.4374847
0.995847642 0.0126663148 -0.0901500881 -5.45217848 -0.0131567344 0.999901712 -0.00484784367 -0.814599395 0.0900798216 0.00601379434 0.995916367 76.9956665
0.996384442 0.00934665557 -0.0844436958 -5.48443317 -0.00941259041 0.999955654 -0.000382710248 -0.832858205 0.0844363719 0.00117616041 0.996428192 77.5475388
0.997091174 0.00459288945 -0.0760798603 -5.52047825 -0.00440046657 0.999986708 0.00269666244 -0.841358364 0.0760912374 -0.00235403143 0.997098088 78.080719
0.99784112 0.00824536197 -0.0651548505 -5.55780935 -0.00807843171 0.999963403 0.00282510603 -0.854201794 0.0651757643 -0.00229265797 0.997871161 78.5927429
0.998647571 0.0134310834 -0.0502252616 -5.5814414 -0.0133449761 0.999908864 0.00204936927 -0.858406544 0.0502482094 -0.00137634273 0.998735785 79.0958252
0.999313116 0.018536251 -0.0320898741 -5.59493923 -0.0184645001 0.999826312 0.00253086258 -0.86593163 0.0321312137 -0.00193660078 0.999481797 79.6032333
0.99980706 0.0170325879 -0.0097866198 -5.58856773 -0.0170012191 0.999850094 0.00327974744 -0.87464726 0.00984101463 -0.0031127301 0.999946713 80.0853882
0.999774277 0.0135580041 0.0163564049 -5.5583396 -0.0136238737 0.999899507 0.00392250298 -0.881484687 -0.0163015798 -0.00414445484 0.999858558 80.539238
0.998866141 0.0124006169 0.045963183 -5.51443624 -0.0126672955 0.999904573 0.00551526202 -0.890782654 -0.0458904058 -0.006091238 0.998927891 80.999054
0.996806324 0.0121397777 0.0789286122 -5.46151066 -0.0127173755 0.999895871 0.00681941258 -0.897336423 -0.0788376108 -0.00780139863 0.996856928 81.4526596
0.993119478 0.0121613014 0.116472393 -5.38484716 -0.0130415801 0.999891818 0.00679870229 -0.89807719 -0.116377115 -0.00827090722 0.993170679 81.8982086
0.98732245 0.0119449561 0.158277377 -5.29508781 -0.013224165 0.999887824 0.00703131873 -0.908296108 -0.158175632 -0.00903526507 0.987369657 82.3143539
0.978990912 0.0119065782 0.203555986 -5.19123077 -0.0135802049 0.999884486 0.00682708854 -0.911016107 -0.203451186 -0.00944798905 0.97903949 82.7446365
0.967581928 0.0142508876 0.252154917 -5.05633307 -0.0158813819 0.999864042 0.00443215063 -0.917804182 -0.252057493 -0.0082930373 0.967676759 83.1392136
0.951971889 0.0151064554 0.305812538 -4.91047859 -0.0164720397 0.999862552 0.00188527384 -0.931334496 -0.305742025 -0.00683208415 0.952089906 83.5231247
0.932146013 0.0159818213 0.361729681 -4.72609615 -0.0167251658 0.999859571 -0.00107616175 -0.929417312 -0.361696094 -0.00504684867 0.932282388 83.9052811
0.907945991 0.0163524561 0.418768018 -4.53588009 -0.016659366 0.999856949 -0.00292360177 -0.93698895 -0.418755919 -0.00432193652 0.908088565 84.2343826
0.879152954 0.0159023926 0.476274252 -4.31713152 -0.0152027886 0.999870241 -0.00532204611 -0.942404985 -0.476297081 -0.00256180437 0.879280686 84.5518036
0.845453143 0.0146886669 0.53384757 -4.08415747 -0.0127858911 0.999891877 -0.00726276077 -0.953122735 -0.533896565 -0.000685392763 0.845549524 84.8558884
0.808672369 0.0144688701 0.58808136 -3.82139301 -0.0111940382 0.999894977 -0.00920797978 -0.958050489 -0.588152766 0.000863234105 0.808749378 85.1416931
0.76905036 0.0130718295 0.639054537 -3.54445267 -0.00987585448 0.999914527 -0.00856841262 -0.966281712 -0.639111876 0.000278331368 0.769113719 85.4047699
0.726723254 0.0121658109 0.686822653 -3.25038147 -0.0113569992 0.999919295 -0.00569496956 -0.985063791 -0.686836481 -0.00366157759 0.726802766 85.6467056
0.681499481 0.0116196238 0.731726408 -2.94335365 -0.0100346664 0.999928296 -0.006532731 -0.982125044 -0.731749833 -0.00289057638 0.681567192 85.8773346
0.636439443 0.00977376569 0.771264732 -2.61192513 -0.00606151437 0.999952197 -0.00766988471 -0.991859674 -0.771302819 0.000206384357 0.636468291 86.065567
0.589760065 0.00706826104 0.807547688 -2.27093506 0.000291710981 0.999959767 -0.00896543637 -0.996330857 -0.807578564 0.00552302692 0.589734197 86.2535095
0.54438293 0.00919814035 0.838786423 -1.92874527 -0.00136616151 0.999948263 -0.0100787878 -1.00552869 -0.838835716 0.00434080279 0.544367373 86.4102554
0.497502863 0.0117525812 0.867382765 -1.58889771 -0.00464899978 0.999929965 -0.0108820098 -1.01418889 -0.867449939 0.00138136861 0.497522652 86.5543594
0.45260632 0.0133822523 0.891610026 -1.24435806 -0.00474391179 0.999909341 -0.0125995837 -1.02609849 -0.891697824 0.0014729324 0.452628791 86.6828308
0.41006887 0.0115654524 0.911981285 -0.892860413 0.00248345337 0.999901712 -0.0137971081 -1.02534425 -0.912051201 0.00792262796 0.409999847 86.7961807
0.370304108 0.00417197263 0.928901196 -0.515937805 0.0174691193 0.999781787 -0.0114543391 -1.02937722 -0.928746343 0.0204686765 0.370150387 86.8997574
0.335531294 -0.000104063016 0.942029119 -0.152271271 0.0218440536 0.999731958 -0.00766996574 -1.03951228 -0.941775858 0.0231512468 0.335443616 86.9795303
0.30237788 0.0044639525 0.95317775 0.221843719 0.0198165737 0.999743462 -0.01096847 -1.04150581 -0.952982187 0.0222053379 0.302211821 87.0820923
0.270131707 0.012414014 0.962743342 0.579727173 0.00822139904 0.99985069 -0.0151992962 -1.06203687 -0.962788284 0.0120209102 0.269989312 87.1867065
0.241852462 0.0165970363 0.970171154 0.959857941 0.00343460171 0.999832809 -0.0179606769 -1.08154356 -0.970307052 0.0076759872 0.241755009 87.2694473
0.216208696 0.0180158541 0.97618103 1.34919739 0.00491267908 0.999796987 -0.0195397791 -1.09826064 -0.976334929 0.00902033597 0.216076314 87.3348389
0.192714393 0.0194775444 0.981061578 1.77047729 0.0124559272 0.999673843 -0.0222938377 -1.10952723 -0.98117584 0.0165163744 0.192408919 87.4002075
0.172837853 0.0257616434 0.984613419 2.17940521 0.0192746799 0.999378026 -0.0295314081 -1.10911202 -0.984761775 0.0240822565 0.17223382 87.4377518
0.152782679 0.0327531733 0.987716913 2.61129761 0.0220616944 0.999088526 -0.0365428217 -1.10670114 -0.988013506 0.0273738168 0.151920795 87.4944839
0.135127783 0.0338916853 0.990248501 3.04829407 0.0193290506 0.999134481 -0.0368334316 -1.12104881 -0.990639746 0.0241177846 0.134355724 87.55336
0.119853199 0.0295801088 0.992350996 3.50952148 0.0176981837 0.99933356 -0.0319257863 -1.14520681 -0.992633998 0.021389218 0.119249821 87.6035995
0.105211735 0.026267495 0.994102895 3.97098541 0.0174736083 0.999447942 -0.0282580629 -1.16828847 -0.994296312 0.0203436464 0.104694664 87.6471634
0.0920517445 0.0236412883 0.995473504 4.45752716 0.0189972632 0.999494493 -0.0254934635 -1.19062221 -0.995572984 0.0212579891 0.0915560722 87.6780853
0.0804463029 0.0230051801 0.996493459 4.95320892 0.0226928592 0.999432206 -0.0249050092 -1.20478153 -0.996500671 0.0246168021 0.0798785686 87.7051544
0.0701759458 0.0238164831 0.997250319 5.47002411 0.0261462126 0.99932754 -0.0257059876 -1.21896052 -0.997191966 0.0278782621 0.0695060492 87.7350998
0.0624267459 0.0240864791 0.997758985 6.01117706 0.0285990015 0.999255061 -0.0259119552 -1.23472583 -0.997639835 0.030152509 0.0616913438 87.7674255
0.0570954084 0.024631083 0.998064876 6.5541687 0.0312130675 0.999162912 -0.0264437608 -1.24830425 -0.997880757 0.0326624848 0.0562788248 87.7891693
0.0511627197 0.0255933888 0.998362303 7.11824799 0.0321974307 0.999109626 -0.0272625554 -1.26853263 -0.998171151 0.0335395262 0.050293088 87.8182373
0.0452390909 0.0265543703 0.998623192 7.71068573 0.0329580456 0.999062777 -0.0280591063 -1.28331029 -0.998432338 0.0341820344 0.044321537 87.848671
0.0410169363 0.0264636744 0.998808086 8.31423187 0.0355065428 0.998979211 -0.0279263258 -1.29885864 -0.998527527 0.0366096757 0.0400354266 87.8630905
0.0381130576 0.0264582857 0.998923182 8.9338913 0.0370675698 0.998923957 -0.0278725941 -1.31751466 -0.998585761 0.0380899645 0.0370913148 87.885582
0.0351999998 0.0261490643 0.9990381 9.57267761 0.0374924093 0.998919368 -0.0274669584 -1.33762515 -0.998676777 0.0384231843 0.0341815948 87.9004288
0.0326776505 0.0254220311 0.999142706 10.2248688 0.0395345539 0.998861194 -0.0267078839 -1.35863113 -0.99868387 0.040373411 0.0316354036 87.9200516
0.0322328806 0.0249729995 0.999168336 10.8994141 0.0441024825 0.998678565 -0.0263834931 -1.37978029 -0.998506904 0.0449162237 0.0310889482 87.9322662
0.0330874324 0.024457531 0.999153256 11.5889435 0.047744181 0.998520553 -0.0260231197 -1.4025532 -0.99831152 0.048564788 0.0318707228 87.9537354
0.0355544686 0.0244418606 0.999068797 12.3008423 0.0491039902 0.998450637 -0.0261742305 -1.42252696 -0.99816066 0.0499888733 0.0342991948 87.9793777
0.0395448804 0.0246030241 0.998914838 13.0166092 0.0517751351 0.998303473 -0.0266376287 -1.44201994 -0.997875512 0.0527723357 0.0382039547 88.0001373
0.0440009832 0.0239940677 0.998743415 13.7538071 0.052355811 0.998282373 -0.0262896009 -1.46593821 -0.99765873 0.0534467846 0.0426691771 88.0335846
0.0478495359 0.0221090112 0.998609781 14.5123291 0.0537268631 0.998250723 -0.0246754419 -1.4915396 -0.997408509 0.0548328832 0.0465779901 88.0754089
0.0514992476 0.0205849111 0.998460889 15.2641983 0.0534313768 0.998298764 -0.023337489 -1.51541829 -0.997242689 0.0545510054 0.0503117442 88.1238403
0.0559734702 0.0183304958 0.998263955 16.0428772 0.0504161976 0.998504102 -0.0211617798 -1.53931153 -0.997158527 0.0515131727 0.0549656153 88.1605301
0.0599330664 0.0173537284 0.998051524 16.8414154 0.0496222153 0.998560905 -0.0203424022 -1.5584991 -0.99696821 0.0507447124 0.0589857101 88.2178879
0.0638554096 0.018380817 0.99778986 17.6239929 0.0470324568 0.998663962 -0.021406848 -1.58096313 -0.996850252 0.0482954532 0.0629056096 88.2771072
0.0666258931 0.0225368664 0.997523487 18.4259872 0.0449642912 0.998661399 -0.0255658012 -1.60910499 -0.996764362 0.0465562828 0.0655233264 88.3434982
0.0682412982 0.0278275702 0.997280657 19.2383614 0.0392595157 0.998761773 -0.0305553228 -1.63687289 -0.996896088 0.0412378907 0.0670643449 88.4017334
0.0682633519 0.0308729224 0.997189522 20.0404663 0.0363229997 0.998781502 -0.0334087275 -1.66985905 -0.99700588 0.0385015048 0.0670588017 88.4555817
0.068469882 0.0306656323 0.997181833 20.8528023 0.0340607204 0.998872936 -0.0330563635 -1.69898903 -0.997071624 0.0362280942 0.0673481822 88.5128174
0.0686690807 0.0289322976 0.99721992 21.6668549 0.031341482 0.999023438 -0.0311428159 -1.73283529 -0.997147143 0.0333928987 0.06769526 88.5691833
0.0681434274 0.0276972372 0.997290969 22.5041809 0.0320977569 0.999036252 -0.029938899 -1.76974463 -0.997159064 0.0340509452 0.0671887398 88.6452026
0.0680119991 0.027037574 0.997318089 23.3201485 0.0293208305 0.99914676 -0.0290866792 -1.80546653 -0.997253537 0.0312204361 0.0671612024 88.7146072
0.0682737231 0.0270503853 0.99729985 24.1372375 0.0278650504 0.999190688 -0.0290092733 -1.84103084 -0.997277439 0.0297703817 0.0674647093 88.7777557
0.0681793094 0.0273000002 0.997299552 24.9470215 0.0245113038 0.999277949 -0.0290298481 -1.8852818 -0.997371972 0.0264243465 0.0674609542 88.8434448
0.0669680834 0.0291688703 0.997328639 25.7482567 0.0218866505 0.999289095 -0.0306958426 -1.91370714 -0.997515023 0.023883827 0.0662820935 88.9002457
0.0642707944 0.0286102314 0.997522295 26.560276 0.0180649478 0.999391794 -0.0298277829 -1.94976997 -0.997768939 0.0199372433 0.0637148619 88.9534683
0.0606372952 0.0274043139 0.997783601 27.3773918 0.0160179865 0.999467611 -0.0284240097 -1.98362768 -0.998031318 0.0177060384 0.0601660609 89.0079727
0.0551809669 0.0248079058 0.998168111 28.1897469 0.0137061384 0.999578297 -0.0256006587 -2.01876664 -0.99838227 0.0150936982 0.0548176765 89.0683365
0.049277544 0.0226991437 0.998527169 29.0005188 0.0120280571 0.999655724 -0.0233183876 -2.04829597 -0.998712718 0.0131594166 0.0489875078 89.1082153
0.0421051383 0.023140382 0.998845279 29.8044815 0.0116234077 0.999652743 -0.0236490648 -2.07703567 -0.99904567 0.0126057342 0.0418215394 89.1323242
0.0335199833 0.0241046045 0.999147356 30.6085739 0.0111224446 0.9996382 -0.024489589 -2.10878086 -0.999376178 0.011933852 0.0332397223 89.1590042
0.0232337117 0.024478253 0.999430358 31.4125633 0.0116732381 0.999625385 -0.0247543976 -2.13822651 -0.999661922 0.0122417249 0.0229392648 89.1801453
0.0132538676 0.0235393364 0.999635041 32.2162018 0.0131293042 0.999632597 -0.0237133559 -2.17110252 -0.999825954 0.0134388059 0.01293993 89.1865692
0.0023047328 0.0226161219 0.999741554 33.0125542 0.0118349008 0.999673605 -0.0226418674 -2.20058393 -0.999927282 0.0118840253 0.00203633308 89.1922455
-0.00862157345 0.0216055587 0.999729395 33.804245 0.0136770979 0.999675572 -0.0214864463 -2.23197436 -0.999869287 0.0134881502 -0.00891423225 89.1823502
-0.0193027258 0.0222844295 0.999565423 34.5927391 0.0138686327 0.999661386 -0.0220187549 -2.25685143 -0.999717593 0.0134375868 -0.0196051598 89.1661072
-0.0307186842 0.0228146408 0.999267697 35.3509979 0.0135674682 0.999656856 -0.0224064477 -2.28778839 -0.999436021 0.012869237 -0.0310176611 89.1448135
-0.0411690474 0.0238157436 0.998868287 36.1234779 0.013157405 0.999642134 -0.0232919008 -2.3182025 -0.999065518 0.0121836094 -0.0414676666 89.1059723
-0.0515897274 0.0249789413 0.998355925 36.8834572 0.0137052545 0.999610722 -0.0243021231 -2.34181404 -0.998574317 0.0124289822 -0.0519119501 89.0636597
-0.0609686375 0.0256143324 0.997811079 37.6414528 0.0152823292 0.999577463 -0.0247258935 -2.37524533 -0.998022795 0.0137413749 -0.0613342524 89.0126953
-0.070710063 0.0258698408 0.997161508 38.4024734 0.0154614467 0.999571979 -0.0248359907 -2.40975738 -0.997377217 0.0136614097 -0.071079731 88.9585114
-0.0801116228 0.0264753699 0.996434212 39.1524506 0.0161584951 0.999550343 -0.0252590496 -2.43235326 -0.996654868 0.0140773356 -0.0805033445 88.8996353
-0.0885953903 0.0257147998 0.995735765 39.882637 0.0172042213 0.999557078 -0.024282746 -2.4614749 -0.995919168 0.0149795217 -0.0889985561 88.8300171
-0.0961756706 0.0247423854 0.995056868 40.6141319 0.019071741 0.999553263 -0.0230108444 -2.49045587 -0.995181739 0.0167643838 -0.0966045856 88.7607956
-0.101452708 0.0232728049 0.99456811 41.3344421 0.021579951 0.999542594 -0.0211879052 -2.51479506 -0.994606256 0.0193131603 -0.101908445 88.6872253
-0.104652286 0.0216713138 0.994272768 42.0378952 0.0250645094 0.99950248 -0.0191471372 -2.54080153 -0.994193017 0.0229171682 -0.105143428 88.5967484
-0.107848763 0.0203023721 0.993959963 42.7524757 0.026652975 0.999491155 -0.017523393 -2.5701139 -0.993809998 0.0246021152 -0.108335018 88.5198669
-0.109351516 0.0195691269 0.993810475 43.4434814 0.0269718859 0.99949646 -0.0167133044 -2.59286213 -0.993637145 0.0249773189 -0.1098243 88.4362411
-0.110305309 0.0199586432 0.993697464 44.0987663 0.0271713119 0.999485254 -0.0170587469 -2.61994028 -0.993526399 0.025118392 -0.110790849 88.3692932
-0.109199166 0.0208119284 0.993802071 44.7367439 0.0286213513 0.999432087 -0.0177849159 -2.64471722 -0.993607819 0.0265018605 -0.109732747 88.2994385
-0.105799794 0.0232272707 0.994116187 45.3911362 0.03037332 0.999336183 -0.0201167259 -2.64755464 -0.993923485 0.0280662626 -0.106435061 88.2172546
-0.100870609 0.0234718174 0.994622648 45.9880753 0.0298331045 0.999343455 -0.0205576681 -2.6767199 -0.994452119 0.0275990143 -0.101504683 88.1659012
-0.0928217173 0.0238418989 0.99539727 46.5884056 0.0290599838 0.999352276 -0.02122676 -2.7059145 -0.995258629 0.0269559231 -0.0934544802 88.1132889
-0.0816442966 0.0235983338 0.996382117 47.1297264 0.0273722988 0.999395669 -0.0214267988 -2.73622561 -0.996285558 0.0255238935 -0.0822408199 88.0695419
-0.0680142641 0.0239246711 0.997397482 47.7089157 0.0264439024 0.99940443 -0.0221695565 -2.75875473 -0.997333884 0.0248672329 -0.0686064959 88.0402222
-0.0511137247 0.025179226 0.998375416 48.2470016 0.02535991 0.999392509 -0.0239065327 -2.78420997 -0.998370826 0.024096759 -0.0517212152 88.0314789
-0.0296673775 0.0275810808 0.999179244 48.773819 0.0232269727 0.99936831 -0.0268966518 -2.81001925 -0.99928993 0.022409955 -0.0302892923 88.0287476
-0.00489997864 0.0306156855 0.999519229 49.2840843 0.0216322336 0.999300539 -0.0305029377 -2.83443236 -0.999753952 0.0214723665 -0.00555884838 88.0366669
0.0230209231 0.0324930921 0.999206841 49.8009071 0.0199372433 0.999257982 -0.0329540931 -2.85233927 -0.999536157 0.0206800625 0.0223560333 88.0796051
0.0562863946 0.0319790691 0.997902393 50.3171196 0.0175184142 0.999301434 -0.0330120213 -2.8719089 -0.998260975 0.0193397943 0.0556868315 88.1200409
0.0950191617 0.029634675 0.995034158 50.8039551 0.0165397022 0.999371827 -0.0313432887 -2.89611626 -0.995337963 0.019435782 0.0944693089 88.1747284
0.136693895 0.0262830257 0.990264654 51.3128738 0.0143970856 0.999489665 -0.0285152141 -2.9129169 -0.990508735 0.0181547813 0.136245787 88.2790833
0.182328522 0.0218309332 0.982995272 51.8163071 0.0118121998 0.999632716 -0.0243913867 -2.93564272 -0.983166754 0.0160585828 0.182003677 88.3916321
0.231013715 0.0186503939 0.972771764 52.2945404 0.0067755715 0.999761164 -0.0207769088 -2.95668316 -0.972926915 0.0113908369 0.230832219 88.532486
0.282313824 0.0170376152 0.959170938 52.7825165 0.00276637776 0.999823689 -0.0185739584 -2.9777329 -0.959318221 0.00789711531 0.282216907 88.7013092
0.337495863 0.0171467941 0.941170871 53.2358856 0.0020844175 0.999818027 -0.0189627167 -2.98795033 -0.941324711 0.008361632 0.337398708 88.8925858
0.395824611 0.0175421797 0.91815865 53.659111 0.00425728643 0.999771714 -0.0209368132 -3.0029664 -0.918316305 0.0121961702 0.395659566 89.0949402
0.456175148 0.0210151486 0.889641881 54.0804672 0.00417781435 0.999659538 -0.0257562175 -3.02491617 -0.88988024 0.0154661052 0.455932021 89.3357697
0.51489675 0.0236713607 0.856925368 54.4878464 0.00555880042 0.99950546 -0.0309500284 -3.04682302 -0.85723424 0.0206995476 0.514510512 89.6107635
0.573388577 0.0278970469 0.818808556 54.8568954 0.00137561513 0.999385893 -0.035012681 -3.06089354 -0.819282472 0.0212022401 0.572998106 89.9084167
0.629180849 0.0309792142 0.776641369 55.194519 -0.00269893883 0.999286473 -0.0376737453 -3.07293797 -0.777254283 0.021607494 0.628815532 90.2295151
0.681516647 0.0341125652 0.731007159 55.5176697 -0.0061007319 0.999143064 -0.0409374721 -3.07300615 -0.731777191 0.0234398898 0.68114078 90.5827866
0.729576588 0.0300345588 0.683239341 55.8041954 -0.00616101502 0.999283314 -0.0373487025 -3.11496139 -0.683871388 0.0230392907 0.729238749 90.946785
0.774860024 0.0268960707 0.631560385 56.0739517 -0.0086416686 0.999451756 -0.0319609046 -3.13075018 -0.63207376 0.0193074942 0.77466768 91.3302994
0.815044522 0.0243790653 0.578885257 56.2966156 -0.010694257 0.999577165 -0.027038971 -3.12108374 -0.579299629 0.0158472173 0.814960599 91.7386703
0.8518098 0.0223191045 0.523375511 56.5268097 -0.0135152992 0.999695718 -0.0206349902 -3.12936711 -0.523676813 0.0105035109 0.851852298 92.1649094
0.880864263 0.0214800593 0.472881347 56.6921043 -0.0163893625 0.999754906 -0.0148832081 -3.12089109 -0.473085135 0.005359862 0.8810004 92.6279068
0.907053351 0.0194836482 0.420564711 56.8582726 -0.0181941036 0.999809444 -0.00707836961 -3.15918469 -0.420622468 -0.0012313386 0.907234907 93.0442963
0.926886857 0.0212590639 0.374738276 56.98983 -0.0216862038 0.999760091 -0.00307763135 -3.17487836 -0.374713808 -0.00527403457 0.927125514 93.481636
0.941696763 0.027735576 0.335317731 57.0935135 -0.0293721147 0.999568522 -0.000190817373 -3.18771195 -0.335178345 -0.00966929831 0.942105055 93.9186783
0.953238189 0.0321025401 0.300510257 57.1929321 -0.0333829522 0.999442279 -0.000874278892 -3.18853617 -0.300370723 -0.00919852406 0.953778148 94.3660812
0.962382913 0.0339016989 0.26957342 57.3108749 -0.0350020565 0.999386966 -0.000725340156 -3.18635845 -0.269432753 -0.00873756967 0.962979555 94.8609924
0.968304455 0.0293138865 0.248046651 57.4139748 -0.0300764032 0.999547362 -0.000715600792 -3.19056129 -0.247955352 -0.00676743127 0.968747854 95.3344498
0.972267389 0.0246362127 0.232570753 57.5136948 -0.0256053396 0.999671459 0.00114854437 -3.20513582 -0.232466042 -0.00707174512 0.972578824 95.800209
0.975075841 0.0294985082 0.219902173 57.606987 -0.0303959399 0.999537706 0.000697926094 -3.20835066 -0.219779909 -0.00736466423 0.975521684 96.2996063
0.976977706 0.0346676223 0.210505858 57.6928368 -0.0357345007 0.999360502 0.00126531732 -3.20796967 -0.210327372 -0.00875850767 0.977591753 96.805336
0.978024006 0.0421188623 0.204193622 57.7818375 -0.0430481657 0.999072969 0.000109319502 -3.21010923 -0.203999728 -0.00889707822 0.978930533 97.3248444
0.978267014 0.048949603 0.20148851 57.8707161 -0.0493026972 0.998778522 -0.00326872361 -3.22331977 -0.201402411 -0.00673624268 0.979485393 97.8267365
0.978396654 0.0503891036 0.200501755 57.9764938 -0.0502850115 0.998719096 -0.0056152828 -3.23514318 -0.200527877 -0.00458825845 0.97967726 98.3356628
0.977991581 0.048706755 0.202879518 58.0939789 -0.0478554107 0.998812795 -0.00910264906 -3.24585414 -0.203082025 -0.000806568598 0.979161382 98.836853
0.977316082 0.0466884039 0.206575453 58.2147827 -0.0443553329 0.998889089 -0.0159135852 -3.24933577 -0.207088947 0.00638988055 0.978301227 99.3930206
0.976422369 0.0467452072 0.210746795 58.3348389 -0.0433845334 0.998847187 -0.0205445029 -3.25738525 -0.211464196 0.0109169604 0.977324784 99.9434814
0.975125372 0.0520482659 0.215456501 58.4474678 -0.0488595553 0.998603344 -0.0201032739 -3.27126932 -0.216201916 0.00907610357 0.976306498 100.536507
0.973697066 0.0550555512 0.221094772 58.5752716 -0.0527274013 0.998473883 -0.0164228771 -3.28000259 -0.221661523 0.0043331543 0.975114048 101.131889
0.97285831 0.0518837608 0.225510135 58.7217598 -0.0506825335 0.998652935 -0.0111167906 -3.30007648 -0.225783139 -0.00061436242 0.97417742 101.709656
0.972197175 0.0475581139 0.229283378 58.8728104 -0.0474893525 0.998854756 -0.00582089834 -3.31007814 -0.229297623 -0.00522945635 0.973342299 102.326843
0.971471012 0.0438187644 0.233074978 59.0287819 -0.0447846204 0.998996019 -0.00114902155 -3.31859803 -0.232891321 -0.00932193268 0.972458065 102.958305
0.970927477 0.0389837287 0.23617819 59.1873093 -0.0400043838 0.99919939 -0.000470670435 -3.32682252 -0.236007452 -0.00899117533 0.971709669 103.590851
0.971040845 0.0352969132 0.236291707 59.3490028 -0.0354068987 0.999365807 -0.00377916545 -3.33431506 -0.236275256 -0.00469663274 0.9716748 104.238998
0.971185386 0.0349884592 0.235743061 59.5046883 -0.0334260464 0.999384761 -0.0106219267 -3.34506106 -0.235969663 0.00243590144 0.971757352 104.877861
0.971296966 0.0371828452 0.234946102 59.6565704 -0.0340645574 0.999269545 -0.017318381 -3.35397315 -0.235418424 0.00881795585 0.971854091 105.543488
0.971849203 0.0398777947 0.232204288 59.8104095 -0.0359312594 0.999129295 -0.0212024804 -3.36331964 -0.232847631 0.0122622214 0.972435951 106.222023
0.97238487 0.0386803001 0.230155408 59.9596252 -0.0357846394 0.999219239 -0.0167437382 -3.37632871 -0.230623379 0.00804533064 0.973009825 106.911087
0.972892702 0.0347848199 0.228625908 60.1332779 -0.0336070433 0.999394178 -0.00904403441 -3.39292455 -0.22880201 0.00111543376 0.973472357 107.612404
0.973480821 0.035405118 0.226012424 60.3040771 -0.0355849415 0.999361277 -0.00327967806 -3.40644836 -0.225984171 -0.00484993448 0.974118888 108.328171
0.97375983 0.0385263041 0.224293426 60.4604378 -0.0386945195 0.999244452 -0.00364713301 -3.42448902 -0.224264473 -0.00512749469 0.974514842 109.05294
0.973991692 0.0443681404 0.222197324 60.6135292 -0.0435482636 0.999014378 -0.00859039463 -3.43034124 -0.222359464 -0.00130933535 0.974963844 109.783569
0.974782288 0.0454673767 0.2184771 60.7675514 -0.0435134135 0.99895823 -0.0137492819 -3.44251347 -0.218874633 0.00389587181 0.975745201 110.527138
0.97577697 0.043921113 0.214313388 60.9377594 -0.041316431 0.999007881 -0.0166201182 -3.45105457 -0.214830741 0.00736286538 0.976623535 111.283752
0.976679564 0.0418548174 0.210583106 61.1005287 -0.0395558476 0.99910295 -0.0151193691 -3.4649446 -0.211027011 0.00643698452 0.977459013 112.059158
0.977532923 0.0382110067 0.207290396 61.2610054 -0.0363464467 0.999257326 -0.0127974171 -3.48700643 -0.207625449 0.00497562671 0.978195727 112.837929
0.97798723 0.036404293 0.205464721 61.4246254 -0.0351224802 0.999334157 -0.0098835323 -3.50514555 -0.205687702 0.00244953809 0.978614628 113.621758
0.978385925 0.033348009 0.204080477 61.592289 -0.0324548483 0.999443352 -0.00772282155 -3.51410723 -0.204224423 0.000932499068 0.978923678 114.414627
0.97859484 0.0287984069 0.203771338 61.7594833 -0.0280733239 0.999585092 -0.00644863164 -3.53002977 -0.203872502 0.000590059266 0.97899729 115.210869
0.978746235 0.0292047746 0.202984825 61.9261742 -0.0288007986 0.999572933 -0.00494434964 -3.54121757 -0.203042537 -0.00100686075 0.979169428 116.019669
0.978482306 0.0349918678 0.203341827 62.0876503 -0.0343198925 0.999387562 -0.00683099311 -3.55793715 -0.203456312 -0.000294663187 0.979083955 116.841118
0.978220582 0.0401806161 0.203641802 62.2554436 -0.0388985686 0.999190092 -0.0102959899 -3.5635612 -0.203890577 0.00215037586 0.97899133 117.668549
0.977585375 0.0488646738 0.204790443 62.4126625 -0.0473818183 0.998803079 -0.012141264 -3.57008505 -0.205138609 0.00216577784 0.978730559 118.496735
0.976719797 0.0542433299 0.207547963 62.5774155 -0.0530694202 0.998527765 -0.0112239989 -3.59342122 -0.207851231 -5.17476292e-05 0.978160441 119.342392
0.975931346 0.056593623 0.210606694 62.7415504 -0.0558441877 0.998394191 -0.00950896926 -3.60868192 -0.210806653 -0.00248105801 0.977524638 120.160759
0.975267172 0.0577046536 0.213363737 62.9109459 -0.0568349995 0.998331368 -0.0102128591 -3.63090539 -0.213597029 -0.00216626097 0.976919472 120.988907
0.974981248 0.0559036694 0.215142712 63.0936317 -0.0543140508 0.998435318 -0.0132982377 -3.64054823 -0.215549499 0.00128026051 0.976492047 121.829857
0.975023746 0.0500529148 0.216387257 63.283886 -0.0486574993 0.998746097 -0.0117748985 -3.66129661 -0.216705307 0.000951943104 0.976236582 122.669357
0.975242496 0.0438188724 0.216753185 63.4781227 -0.0419487879 0.999032259 -0.0132234478 -3.68572807 -0.217122868 0.00380353467 0.976136863 123.501442
0.975015879 0.0428962372 0.217954099 63.6588745 -0.0410363525 0.999072373 -0.0130548133 -3.71226239 -0.218311921 0.00378460833 0.975871682 124.340385
0.97453475 0.0447215065 0.219731733 63.8518753 -0.0435043499 0.998999357 -0.0103774583 -3.72902846 -0.219975963 0.000553906488 0.975505114 125.184441
0.974119306 0.0466594771 0.221166044 64.033989 -0.0467728712 0.998894393 -0.00472735427 -3.74464035 -0.221142098 -0.00573956314 0.975224733 126.027542
0.973718762 0.0503436588 0.222120047 64.2148743 -0.0515757017 0.998669028 -0.000254036044 -3.76904249 -0.221837193 -0.0112086367 0.975019276 126.875916
